  -3.3400000e+00  -4.0450000e+00  -5.3740000e+00  -1.9230000e+00  -4.9823000e+00  -4.8860000e+00  -4.3910000e+00   1.1196000e-01   5.2944000e+03   1.1433600e+04   6.4100000e+03   1.6080000e-01
  -2.2288889e+00  -2.9338889e+00  -4.2628889e+00  -8.1188889e-01  -3.8711889e+00  -3.7748889e+00  -3.2798889e+00   2.1148000e-01   5.5885333e+03   1.2068800e+04   1.2107778e+04   3.0373333e-01
  -1.1177778e+00  -1.8227778e+00  -3.1517778e+00   2.9922222e-01  -2.7600778e+00  -2.6637778e+00  -2.1687778e+00   3.1100000e-01   5.8826667e+03   1.2704000e+04   1.7805556e+04   4.4666667e-01
  -6.6666667e-03  -7.1166667e-01  -2.0406667e+00   1.4103333e+00  -1.6489667e+00  -1.5526667e+00  -1.0576667e+00   4.1052000e-01   6.1768000e+03   1.3339200e+04   2.3503333e+04   5.8960000e-01
   1.1044444e+00   3.9944444e-01  -9.2955556e-01   2.5214444e+00  -5.3785556e-01  -4.4155556e-01   5.3444444e-02   5.1004000e-01   6.4709333e+03   1.3974400e+04   2.9201111e+04   7.3253333e-01
   2.2155556e+00   1.5105556e+00   1.8155556e-01   3.6325556e+00   5.7325556e-01   6.6955556e-01   1.1645556e+00   6.0956000e-01   6.7650667e+03   1.4609600e+04   3.4898889e+04   8.7546667e-01
   3.3266667e+00   2.6216667e+00   1.2926667e+00   4.7436667e+00   1.6843667e+00   1.7806667e+00   2.2756667e+00   7.0908000e-01   7.0592000e+03   1.5244800e+04   4.0596667e+04   1.0184000e+00
   4.4377778e+00   3.7327778e+00   2.4037778e+00   5.8547778e+00   2.7954778e+00   2.8917778e+00   3.3867778e+00   8.0860000e-01   7.3533333e+03   1.5880000e+04   4.6294444e+04   1.1613333e+00
   5.5488889e+00   4.8438889e+00   3.5148889e+00   6.9658889e+00   3.9065889e+00   4.0028889e+00   4.4978889e+00   9.0812000e-01   7.6474667e+03   1.6515200e+04   5.1992222e+04   1.3042667e+00
   6.6600000e+00   5.9550000e+00   4.6260000e+00   8.0770000e+00   5.0177000e+00   5.1140000e+00   5.6090000e+00   1.0076400e+00   7.9416000e+03   1.7150400e+04   5.7690000e+04   1.4472000e+00
   5.2070195e+00   6.3150259e+00
   1.4682209e+00   1.8924850e+00  -3.1364869e-01   3.2869564e+00   1.0762718e+00   1.6483720e+00   1.4698784e+00   5.3338966e-01   6.8123483e+03   1.4713420e+04   3.5827563e+04   3.4602077e-01
   4.1757646e+00   6.3150259e+00
   1.4682209e+00   1.8924850e+00  -3.1364869e-01   3.2869564e+00   1.0762718e+00   1.6483720e+00   1.4698784e+00   5.3338966e-01   6.8123483e+03   1.4713420e+04   3.5827563e+04   3.4602077e-01
   8.9938655e+00   6.2974206e+00
   3.0880916e+00   1.8460072e+00  -7.8038258e-01   3.4338688e+00   7.3566371e-01   1.8616605e+00   2.3415619e+00   2.7379196e-01   6.8979331e+03   1.4896775e+04   3.7477270e+04   2.6836314e-01
   5.6029589e+00   6.2974206e+00
   3.0880916e+00   1.8460072e+00  -7.8038258e-01   3.4338688e+00   7.3566371e-01   1.8616605e+00   2.3415619e+00   2.7379196e-01   6.8979331e+03   1.4896775e+04   3.7477270e+04   2.6836314e-01
   3.0255591e+01   3.9849867e-01
   2.4781610e+00   9.6878664e-01  -7.8036609e-01   3.3797209e+00   1.1933059e+00   2.7002695e-01   2.1856482e+00   2.6479176e-01   6.7405534e+03   1.4555162e+04   3.4412673e+04   5.5387581e-01
   4.2798364e+01   3.9849867e-01
   2.4781610e+00   9.6878664e-01  -7.8036609e-01   3.3797209e+00   1.1933059e+00   2.7002695e-01   2.1856482e+00   2.6479176e-01   6.7405534e+03   1.4555162e+04   3.4412673e+04   5.5387581e-01
   5.0403531e+01   3.9849867e-01
   2.4781610e+00   9.6878664e-01  -7.8036609e-01   3.3797209e+00   1.1933059e+00   2.7002695e-01   2.1856482e+00   2.6479176e-01   6.7405534e+03   1.4555162e+04   3.4412673e+04   5.5387581e-01
   5.3860785e+01   3.0170445e-01
   2.3205529e+00   6.4241780e-01  -9.2118796e-01   3.1565372e+00   7.0870648e-01  -1.6784550e-01   1.7341597e+00   2.7842375e-01   6.6540540e+03   1.4368172e+04   3.2735768e+04   4.7026734e-01
   5.8149286e+01   2.5874960e-01
   2.0516622e+00   6.8976874e-01  -8.8403118e-01   3.5288074e+00   1.0351178e+00   3.3864690e-01   1.3833868e+00   2.2008665e-01   6.7270391e+03   1.4526060e+04   3.4157905e+04   7.7146855e-01
   7.6497872e+01   2.5874960e-01
   2.0516622e+00   6.8976874e-01  -8.8403118e-01   3.5288074e+00   1.0351178e+00   3.3864690e-01   1.3833868e+00   2.2008665e-01   6.7270391e+03   1.4526060e+04   3.4157905e+04   7.7146855e-01
   6.5182920e+01   2.5874960e-01
   2.0516622e+00   6.8976874e-01  -8.8403118e-01   3.5288074e+00   1.0351178e+00   3.3864690e-01   1.3833868e+00   2.2008665e-01   6.7270391e+03   1.4526060e+04   3.4157905e+04   7.7146855e-01
   8.4289716e+01   2.5874960e-01
   2.0516622e+00   6.8976874e-01  -8.8403118e-01   3.5288074e+00   1.0351178e+00   3.3864690e-01   1.3833868e+00   2.2008665e-01   6.7270391e+03   1.4526060e+04   3.4157905e+04   7.7146855e-01
   8.9791404e+01   2.4960992e-01
   2.0026229e+00   6.7011639e-01  -9.0788409e-01   3.5368474e+00   1.0501476e+00   3.5907611e-01   1.3388406e+00   2.1640284e-01   6.7274167e+03   1.4526896e+04   3.4165890e+04   7.8036320e-01
   7.8821917e+01   2.4960992e-01
   2.0026229e+00   6.7011639e-01  -9.0788409e-01   3.5368474e+00   1.0501476e+00   3.5907611e-01   1.3388406e+00   2.1640284e-01   6.7274167e+03   1.4526896e+04   3.4165890e+04   7.8036320e-01
   8.0583959e+01   2.4960992e-01
   2.0026229e+00   6.7011639e-01  -9.0788409e-01   3.5368474e+00   1.0501476e+00   3.5907611e-01   1.3388406e+00   2.1640284e-01   6.7274167e+03   1.4526896e+04   3.4165890e+04   7.8036320e-01
   8.7839754e+01   2.4960992e-01
   2.0026229e+00   6.7011639e-01  -9.0788409e-01   3.5368474e+00   1.0501476e+00   3.5907611e-01   1.3388406e+00   2.1640284e-01   6.7274167e+03   1.4526896e+04   3.4165890e+04   7.8036320e-01
   8.1854110e+01   2.4960992e-01
   2.0026229e+00   6.7011639e-01  -9.0788409e-01   3.5368474e+00   1.0501476e+00   3.5907611e-01   1.3388406e+00   2.1640284e-01   6.7274167e+03   1.4526896e+04   3.4165890e+04   7.8036320e-01
   8.1723182e+01   2.4960992e-01
   2.0026229e+00   6.7011639e-01  -9.0788409e-01   3.5368474e+00   1.0501476e+00   3.5907611e-01   1.3388406e+00   2.1640284e-01   6.7274167e+03   1.4526896e+04   3.4165890e+04   7.8036320e-01
   9.0541875e+01   2.4960992e-01
   2.0026229e+00   6.7011639e-01  -9.0788409e-01   3.5368474e+00   1.0501476e+00   3.5907611e-01   1.3388406e+00   2.1640284e-01   6.7274167e+03   1.4526896e+04   3.4165890e+04   7.8036320e-01
   8.8125127e+01   2.4960992e-01
   2.0026229e+00   6.7011639e-01  -9.0788409e-01   3.5368474e+00   1.0501476e+00   3.5907611e-01   1.3388406e+00   2.1640284e-01   6.7274167e+03   1.4526896e+04   3.4165890e+04   7.8036320e-01
   9.1974473e+01   2.4960992e-01
   2.0026229e+00   6.7011639e-01  -9.0788409e-01   3.5368474e+00   1.0501476e+00   3.5907611e-01   1.3388406e+00   2.1640284e-01   6.7274167e+03   1.4526896e+04   3.4165890e+04   7.8036320e-01
   1.0207071e+02   2.4960992e-01
   2.0026229e+00   6.7011639e-01  -9.0788409e-01   3.5368474e+00   1.0501476e+00   3.5907611e-01   1.3388406e+00   2.1640284e-01   6.7274167e+03   1.4526896e+04   3.4165890e+04   7.8036320e-01
   8.1403749e+01   2.4960992e-01
   2.0026229e+00   6.7011639e-01  -9.0788409e-01   3.5368474e+00   1.0501476e+00   3.5907611e-01   1.3388406e+00   2.1640284e-01   6.7274167e+03   1.4526896e+04   3.4165890e+04   7.8036320e-01
   9.3031450e+01   2.4960992e-01
   2.0026229e+00   6.7011639e-01  -9.0788409e-01   3.5368474e+00   1.0501476e+00   3.5907611e-01   1.3388406e+00   2.1640284e-01   6.7274167e+03   1.4526896e+04   3.4165890e+04   7.8036320e-01
   8.6726516e+01   2.4960992e-01
   2.0026229e+00   6.7011639e-01  -9.0788409e-01   3.5368474e+00   1.0501476e+00   3.5907611e-01   1.3388406e+00   2.1640284e-01   6.7274167e+03   1.4526896e+04   3.4165890e+04   7.8036320e-01
   8.5019364e+01   2.4960992e-01
   2.0026229e+00   6.7011639e-01  -9.0788409e-01   3.5368474e+00   1.0501476e+00   3.5907611e-01   1.3388406e+00   2.1640284e-01   6.7274167e+03   1.4526896e+04   3.4165890e+04   7.8036320e-01
   8.7771250e+01   2.4960992e-01
   2.0026229e+00   6.7011639e-01  -9.0788409e-01   3.5368474e+00   1.0501476e+00   3.5907611e-01   1.3388406e+00   2.1640284e-01   6.7274167e+03   1.4526896e+04   3.4165890e+04   7.8036320e-01
   7.5702142e+01   2.4630792e-01
   2.1093098e+00   7.3267329e-01  -8.8016452e-01   3.4976589e+00   1.0731508e+00   3.3073236e-01   1.5231761e+00   2.2765473e-01   6.7289100e+03   1.4530093e+04   3.4193037e+04   7.2793413e-01
   6.0289087e+01   2.4630792e-01
   2.1093098e+00   7.3267329e-01  -8.8016452e-01   3.4976589e+00   1.0731508e+00   3.3073236e-01   1.5231761e+00   2.2765473e-01   6.7289100e+03   1.4530093e+04   3.4193037e+04   7.2793413e-01
   6.2948701e+01   2.2678413e-01
   1.6944641e+00   5.5127784e-01  -9.2736310e-01   3.5245607e+00   1.1233075e+00   2.4891630e-01   1.1287735e+00   1.2106073e-01   6.7047079e+03   1.4477900e+04   3.3727006e+04   6.8749183e-01
   3.5743297e+01   2.2678413e-01
   1.6944641e+00   5.5127784e-01  -9.2736310e-01   3.5245607e+00   1.1233075e+00   2.4891630e-01   1.1287735e+00   1.2106073e-01   6.7047079e+03   1.4477900e+04   3.3727006e+04   6.8749183e-01
   3.3576025e+01   2.2678413e-01
   1.6944641e+00   5.5127784e-01  -9.2736310e-01   3.5245607e+00   1.1233075e+00   2.4891630e-01   1.1287735e+00   1.2106073e-01   6.7047079e+03   1.4477900e+04   3.3727006e+04   6.8749183e-01
   3.4567407e+01   2.2678413e-01
   1.6944641e+00   5.5127784e-01  -9.2736310e-01   3.5245607e+00   1.1233075e+00   2.4891630e-01   1.1287735e+00   1.2106073e-01   6.7047079e+03   1.4477900e+04   3.3727006e+04   6.8749183e-01
   4.8667331e+01   2.2678413e-01
   1.6944641e+00   5.5127784e-01  -9.2736310e-01   3.5245607e+00   1.1233075e+00   2.4891630e-01   1.1287735e+00   1.2106073e-01   6.7047079e+03   1.4477900e+04   3.3727006e+04   6.8749183e-01
   3.6357620e+01   2.2678413e-01
   1.6944641e+00   5.5127784e-01  -9.2736310e-01   3.5245607e+00   1.1233075e+00   2.4891630e-01   1.1287735e+00   1.2106073e-01   6.7047079e+03   1.4477900e+04   3.3727006e+04   6.8749183e-01
   3.5238443e+01   2.2678413e-01
   1.6944641e+00   5.5127784e-01  -9.2736310e-01   3.5245607e+00   1.1233075e+00   2.4891630e-01   1.1287735e+00   1.2106073e-01   6.7047079e+03   1.4477900e+04   3.3727006e+04   6.8749183e-01
   4.0723269e+01   2.2678413e-01
   1.6944641e+00   5.5127784e-01  -9.2736310e-01   3.5245607e+00   1.1233075e+00   2.4891630e-01   1.1287735e+00   1.2106073e-01   6.7047079e+03   1.4477900e+04   3.3727006e+04   6.8749183e-01
   4.1236659e+01   2.2678413e-01
   1.6944641e+00   5.5127784e-01  -9.2736310e-01   3.5245607e+00   1.1233075e+00   2.4891630e-01   1.1287735e+00   1.2106073e-01   6.7047079e+03   1.4477900e+04   3.3727006e+04   6.8749183e-01
   7.1813398e+01   2.1764753e-01
   1.9538848e+00   6.5355234e-01  -9.0576110e-01   3.5134183e+00   1.0684549e+00   3.0752074e-01   1.3405619e+00   1.6212524e-01   6.7196955e+03   1.4510219e+04   3.4015892e+04   7.3245520e-01
   6.5900547e+01   2.1764753e-01
   1.9538848e+00   6.5355234e-01  -9.0576110e-01   3.5134183e+00   1.0684549e+00   3.0752074e-01   1.3405619e+00   1.6212524e-01   6.7196955e+03   1.4510219e+04   3.4015892e+04   7.3245520e-01
   6.3058584e+01   2.1764753e-01
   1.9538848e+00   6.5355234e-01  -9.0576110e-01   3.5134183e+00   1.0684549e+00   3.0752074e-01   1.3405619e+00   1.6212524e-01   6.7196955e+03   1.4510219e+04   3.4015892e+04   7.3245520e-01
   6.3449337e+01   2.1764753e-01
   1.9538848e+00   6.5355234e-01  -9.0576110e-01   3.5134183e+00   1.0684549e+00   3.0752074e-01   1.3405619e+00   1.6212524e-01   6.7196955e+03   1.4510219e+04   3.4015892e+04   7.3245520e-01
   5.9534935e+01   2.1764753e-01
   1.9538848e+00   6.5355234e-01  -9.0576110e-01   3.5134183e+00   1.0684549e+00   3.0752074e-01   1.3405619e+00   1.6212524e-01   6.7196955e+03   1.4510219e+04   3.4015892e+04   7.3245520e-01
   7.1763390e+01   2.1764753e-01
   1.9538848e+00   6.5355234e-01  -9.0576110e-01   3.5134183e+00   1.0684549e+00   3.0752074e-01   1.3405619e+00   1.6212524e-01   6.7196955e+03   1.4510219e+04   3.4015892e+04   7.3245520e-01
   6.1551162e+01   2.1764753e-01
   1.9538848e+00   6.5355234e-01  -9.0576110e-01   3.5134183e+00   1.0684549e+00   3.0752074e-01   1.3405619e+00   1.6212524e-01   6.7196955e+03   1.4510219e+04   3.4015892e+04   7.3245520e-01
   7.4934151e+01   2.1764753e-01
   1.9538848e+00   6.5355234e-01  -9.0576110e-01   3.5134183e+00   1.0684549e+00   3.0752074e-01   1.3405619e+00   1.6212524e-01   6.7196955e+03   1.4510219e+04   3.4015892e+04   7.3245520e-01
   5.4158052e+01   2.1764753e-01
   1.9538848e+00   6.5355234e-01  -9.0576110e-01   3.5134183e+00   1.0684549e+00   3.0752074e-01   1.3405619e+00   1.6212524e-01   6.7196955e+03   1.4510219e+04   3.4015892e+04   7.3245520e-01
   6.1874659e+01   2.1764753e-01
   1.9538848e+00   6.5355234e-01  -9.0576110e-01   3.5134183e+00   1.0684549e+00   3.0752074e-01   1.3405619e+00   1.6212524e-01   6.7196955e+03   1.4510219e+04   3.4015892e+04   7.3245520e-01
   5.9093283e+01   2.1764753e-01
   1.9538848e+00   6.5355234e-01  -9.0576110e-01   3.5134183e+00   1.0684549e+00   3.0752074e-01   1.3405619e+00   1.6212524e-01   6.7196955e+03   1.4510219e+04   3.4015892e+04   7.3245520e-01
   7.6181074e+01   2.0814983e-01
   1.9482743e+00   6.5169847e-01  -9.0597441e-01   3.5134771e+00   1.0703947e+00   3.0601455e-01   1.3370996e+00   1.7876622e-01   6.7193761e+03   1.4509530e+04   3.4009726e+04   7.3085161e-01
   5.7472412e+01   2.0814983e-01
   1.9482743e+00   6.5169847e-01  -9.0597441e-01   3.5134771e+00   1.0703947e+00   3.0601455e-01   1.3370996e+00   1.7876622e-01   6.7193761e+03   1.4509530e+04   3.4009726e+04   7.3085161e-01
   5.7064996e+01   2.0814983e-01
   1.9482743e+00   6.5169847e-01  -9.0597441e-01   3.5134771e+00   1.0703947e+00   3.0601455e-01   1.3370996e+00   1.7876622e-01   6.7193761e+03   1.4509530e+04   3.4009726e+04   7.3085161e-01
   5.8368386e+01   2.0814983e-01
   1.9482743e+00   6.5169847e-01  -9.0597441e-01   3.5134771e+00   1.0703947e+00   3.0601455e-01   1.3370996e+00   1.7876622e-01   6.7193761e+03   1.4509530e+04   3.4009726e+04   7.3085161e-01
   5.6693422e+01   2.0814983e-01
   1.9482743e+00   6.5169847e-01  -9.0597441e-01   3.5134771e+00   1.0703947e+00   3.0601455e-01   1.3370996e+00   1.7876622e-01   6.7193761e+03   1.4509530e+04   3.4009726e+04   7.3085161e-01
   6.4305008e+01   2.0814983e-01
   1.9482743e+00   6.5169847e-01  -9.0597441e-01   3.5134771e+00   1.0703947e+00   3.0601455e-01   1.3370996e+00   1.7876622e-01   6.7193761e+03   1.4509530e+04   3.4009726e+04   7.3085161e-01
   7.7931957e+01   2.0814983e-01
   1.9482743e+00   6.5169847e-01  -9.0597441e-01   3.5134771e+00   1.0703947e+00   3.0601455e-01   1.3370996e+00   1.7876622e-01   6.7193761e+03   1.4509530e+04   3.4009726e+04   7.3085161e-01
   6.4467376e+01   2.0814983e-01
   1.9482743e+00   6.5169847e-01  -9.0597441e-01   3.5134771e+00   1.0703947e+00   3.0601455e-01   1.3370996e+00   1.7876622e-01   6.7193761e+03   1.4509530e+04   3.4009726e+04   7.3085161e-01
   7.7120187e+01   2.0814983e-01
   1.9482743e+00   6.5169847e-01  -9.0597441e-01   3.5134771e+00   1.0703947e+00   3.0601455e-01   1.3370996e+00   1.7876622e-01   6.7193761e+03   1.4509530e+04   3.4009726e+04   7.3085161e-01
   6.3101979e+01   2.0814983e-01
   1.9482743e+00   6.5169847e-01  -9.0597441e-01   3.5134771e+00   1.0703947e+00   3.0601455e-01   1.3370996e+00   1.7876622e-01   6.7193761e+03   1.4509530e+04   3.4009726e+04   7.3085161e-01
   5.6535439e+01   2.0814983e-01
   1.9482743e+00   6.5169847e-01  -9.0597441e-01   3.5134771e+00   1.0703947e+00   3.0601455e-01   1.3370996e+00   1.7876622e-01   6.7193761e+03   1.4509530e+04   3.4009726e+04   7.3085161e-01
   6.2645320e+01   2.0814983e-01
   1.9482743e+00   6.5169847e-01  -9.0597441e-01   3.5134771e+00   1.0703947e+00   3.0601455e-01   1.3370996e+00   1.7876622e-01   6.7193761e+03   1.4509530e+04   3.4009726e+04   7.3085161e-01
   7.3841170e+01   2.0814983e-01
   1.9482743e+00   6.5169847e-01  -9.0597441e-01   3.5134771e+00   1.0703947e+00   3.0601455e-01   1.3370996e+00   1.7876622e-01   6.7193761e+03   1.4509530e+04   3.4009726e+04   7.3085161e-01
   5.9722524e+01   2.0814983e-01
   1.9482743e+00   6.5169847e-01  -9.0597441e-01   3.5134771e+00   1.0703947e+00   3.0601455e-01   1.3370996e+00   1.7876622e-01   6.7193761e+03   1.4509530e+04   3.4009726e+04   7.3085161e-01
   6.2461131e+01   2.0814983e-01
   1.9482743e+00   6.5169847e-01  -9.0597441e-01   3.5134771e+00   1.0703947e+00   3.0601455e-01   1.3370996e+00   1.7876622e-01   6.7193761e+03   1.4509530e+04   3.4009726e+04   7.3085161e-01
   6.0719885e+01   2.0814983e-01
   1.9482743e+00   6.5169847e-01  -9.0597441e-01   3.5134771e+00   1.0703947e+00   3.0601455e-01   1.3370996e+00   1.7876622e-01   6.7193761e+03   1.4509530e+04   3.4009726e+04   7.3085161e-01
   6.8670035e+01   2.0814983e-01
   1.9482743e+00   6.5169847e-01  -9.0597441e-01   3.5134771e+00   1.0703947e+00   3.0601455e-01   1.3370996e+00   1.7876622e-01   6.7193761e+03   1.4509530e+04   3.4009726e+04   7.3085161e-01
   6.1782892e+01   2.0814983e-01
   1.9482743e+00   6.5169847e-01  -9.0597441e-01   3.5134771e+00   1.0703947e+00   3.0601455e-01   1.3370996e+00   1.7876622e-01   6.7193761e+03   1.4509530e+04   3.4009726e+04   7.3085161e-01
   5.9898465e+01   2.0814983e-01
   1.9482743e+00   6.5169847e-01  -9.0597441e-01   3.5134771e+00   1.0703947e+00   3.0601455e-01   1.3370996e+00   1.7876622e-01   6.7193761e+03   1.4509530e+04   3.4009726e+04   7.3085161e-01
   7.8257476e+01   2.0814983e-01
   1.9482743e+00   6.5169847e-01  -9.0597441e-01   3.5134771e+00   1.0703947e+00   3.0601455e-01   1.3370996e+00   1.7876622e-01   6.7193761e+03   1.4509530e+04   3.4009726e+04   7.3085161e-01
   6.2173511e+01   2.0814983e-01
   1.9482743e+00   6.5169847e-01  -9.0597441e-01   3.5134771e+00   1.0703947e+00   3.0601455e-01   1.3370996e+00   1.7876622e-01   6.7193761e+03   1.4509530e+04   3.4009726e+04   7.3085161e-01
   5.9730987e+01   2.0814983e-01
   1.9482743e+00   6.5169847e-01  -9.0597441e-01   3.5134771e+00   1.0703947e+00   3.0601455e-01   1.3370996e+00   1.7876622e-01   6.7193761e+03   1.4509530e+04   3.4009726e+04   7.3085161e-01
   5.7829529e+01   2.0814983e-01
   1.9482743e+00   6.5169847e-01  -9.0597441e-01   3.5134771e+00   1.0703947e+00   3.0601455e-01   1.3370996e+00   1.7876622e-01   6.7193761e+03   1.4509530e+04   3.4009726e+04   7.3085161e-01
   5.7625327e+01   2.0814983e-01
   1.9482743e+00   6.5169847e-01  -9.0597441e-01   3.5134771e+00   1.0703947e+00   3.0601455e-01   1.3370996e+00   1.7876622e-01   6.7193761e+03   1.4509530e+04   3.4009726e+04   7.3085161e-01
   6.3426940e+01   2.0814983e-01
   1.9482743e+00   6.5169847e-01  -9.0597441e-01   3.5134771e+00   1.0703947e+00   3.0601455e-01   1.3370996e+00   1.7876622e-01   6.7193761e+03   1.4509530e+04   3.4009726e+04   7.3085161e-01
   5.4840323e+01   2.0814983e-01
   1.9482743e+00   6.5169847e-01  -9.0597441e-01   3.5134771e+00   1.0703947e+00   3.0601455e-01   1.3370996e+00   1.7876622e-01   6.7193761e+03   1.4509530e+04   3.4009726e+04   7.3085161e-01
   7.4715804e+01   2.0814983e-01
   1.9482743e+00   6.5169847e-01  -9.0597441e-01   3.5134771e+00   1.0703947e+00   3.0601455e-01   1.3370996e+00   1.7876622e-01   6.7193761e+03   1.4509530e+04   3.4009726e+04   7.3085161e-01
   5.8709172e+01   2.0814983e-01
   1.9482743e+00   6.5169847e-01  -9.0597441e-01   3.5134771e+00   1.0703947e+00   3.0601455e-01   1.3370996e+00   1.7876622e-01   6.7193761e+03   1.4509530e+04   3.4009726e+04   7.3085161e-01
   5.8084498e+01   2.0814983e-01
   1.9482743e+00   6.5169847e-01  -9.0597441e-01   3.5134771e+00   1.0703947e+00   3.0601455e-01   1.3370996e+00   1.7876622e-01   6.7193761e+03   1.4509530e+04   3.4009726e+04   7.3085161e-01
   5.2771428e+01   2.0814983e-01
   1.9482743e+00   6.5169847e-01  -9.0597441e-01   3.5134771e+00   1.0703947e+00   3.0601455e-01   1.3370996e+00   1.7876622e-01   6.7193761e+03   1.4509530e+04   3.4009726e+04   7.3085161e-01
   6.6974955e+01   2.0814983e-01
   1.9482743e+00   6.5169847e-01  -9.0597441e-01   3.5134771e+00   1.0703947e+00   3.0601455e-01   1.3370996e+00   1.7876622e-01   6.7193761e+03   1.4509530e+04   3.4009726e+04   7.3085161e-01
   6.0654319e+01   2.0814983e-01
   1.9482743e+00   6.5169847e-01  -9.0597441e-01   3.5134771e+00   1.0703947e+00   3.0601455e-01   1.3370996e+00   1.7876622e-01   6.7193761e+03   1.4509530e+04   3.4009726e+04   7.3085161e-01
   6.2284996e+01   2.0814983e-01
   1.9482743e+00   6.5169847e-01  -9.0597441e-01   3.5134771e+00   1.0703947e+00   3.0601455e-01   1.3370996e+00   1.7876622e-01   6.7193761e+03   1.4509530e+04   3.4009726e+04   7.3085161e-01
   7.4026612e+01   2.0814983e-01
   1.9482743e+00   6.5169847e-01  -9.0597441e-01   3.5134771e+00   1.0703947e+00   3.0601455e-01   1.3370996e+00   1.7876622e-01   6.7193761e+03   1.4509530e+04   3.4009726e+04   7.3085161e-01
   6.1668819e+01   2.0814983e-01
   1.9482743e+00   6.5169847e-01  -9.0597441e-01   3.5134771e+00   1.0703947e+00   3.0601455e-01   1.3370996e+00   1.7876622e-01   6.7193761e+03   1.4509530e+04   3.4009726e+04   7.3085161e-01
   6.3348044e+01   2.0814983e-01
   1.9482743e+00   6.5169847e-01  -9.0597441e-01   3.5134771e+00   1.0703947e+00   3.0601455e-01   1.3370996e+00   1.7876622e-01   6.7193761e+03   1.4509530e+04   3.4009726e+04   7.3085161e-01
   5.7655646e+01   2.0814983e-01
   1.9482743e+00   6.5169847e-01  -9.0597441e-01   3.5134771e+00   1.0703947e+00   3.0601455e-01   1.3370996e+00   1.7876622e-01   6.7193761e+03   1.4509530e+04   3.4009726e+04   7.3085161e-01
   5.4220728e+01   2.0814983e-01
   1.9482743e+00   6.5169847e-01  -9.0597441e-01   3.5134771e+00   1.0703947e+00   3.0601455e-01   1.3370996e+00   1.7876622e-01   6.7193761e+03   1.4509530e+04   3.4009726e+04   7.3085161e-01
   5.9592483e+01   2.0814983e-01
   1.9482743e+00   6.5169847e-01  -9.0597441e-01   3.5134771e+00   1.0703947e+00   3.0601455e-01   1.3370996e+00   1.7876622e-01   6.7193761e+03   1.4509530e+04   3.4009726e+04   7.3085161e-01
   5.9663757e+01   2.0814983e-01
   1.9482743e+00   6.5169847e-01  -9.0597441e-01   3.5134771e+00   1.0703947e+00   3.0601455e-01   1.3370996e+00   1.7876622e-01   6.7193761e+03   1.4509530e+04   3.4009726e+04   7.3085161e-01
   5.4473206e+01   2.0814983e-01
   1.9482743e+00   6.5169847e-01  -9.0597441e-01   3.5134771e+00   1.0703947e+00   3.0601455e-01   1.3370996e+00   1.7876622e-01   6.7193761e+03   1.4509530e+04   3.4009726e+04   7.3085161e-01
   6.2550985e+01   2.0814983e-01
   1.9482743e+00   6.5169847e-01  -9.0597441e-01   3.5134771e+00   1.0703947e+00   3.0601455e-01   1.3370996e+00   1.7876622e-01   6.7193761e+03   1.4509530e+04   3.4009726e+04   7.3085161e-01
   6.6344525e+01   2.0814983e-01
   1.9482743e+00   6.5169847e-01  -9.0597441e-01   3.5134771e+00   1.0703947e+00   3.0601455e-01   1.3370996e+00   1.7876622e-01   6.7193761e+03   1.4509530e+04   3.4009726e+04   7.3085161e-01
   5.3924141e+01   2.0814983e-01
   1.9482743e+00   6.5169847e-01  -9.0597441e-01   3.5134771e+00   1.0703947e+00   3.0601455e-01   1.3370996e+00   1.7876622e-01   6.7193761e+03   1.4509530e+04   3.4009726e+04   7.3085161e-01
   5.7146714e+01   2.0814983e-01
   1.9482743e+00   6.5169847e-01  -9.0597441e-01   3.5134771e+00   1.0703947e+00   3.0601455e-01   1.3370996e+00   1.7876622e-01   6.7193761e+03   1.4509530e+04   3.4009726e+04   7.3085161e-01
   7.2471121e+01   2.0814983e-01
   1.9482743e+00   6.5169847e-01  -9.0597441e-01   3.5134771e+00   1.0703947e+00   3.0601455e-01   1.3370996e+00   1.7876622e-01   6.7193761e+03   1.4509530e+04   3.4009726e+04   7.3085161e-01
   6.0296498e+01   2.0814983e-01
   1.9482743e+00   6.5169847e-01  -9.0597441e-01   3.5134771e+00   1.0703947e+00   3.0601455e-01   1.3370996e+00   1.7876622e-01   6.7193761e+03   1.4509530e+04   3.4009726e+04   7.3085161e-01
   5.9474061e+01   2.0814983e-01
   1.9482743e+00   6.5169847e-01  -9.0597441e-01   3.5134771e+00   1.0703947e+00   3.0601455e-01   1.3370996e+00   1.7876622e-01   6.7193761e+03   1.4509530e+04   3.4009726e+04   7.3085161e-01
   5.7904489e+01   2.0814983e-01
   1.9482743e+00   6.5169847e-01  -9.0597441e-01   3.5134771e+00   1.0703947e+00   3.0601455e-01   1.3370996e+00   1.7876622e-01   6.7193761e+03   1.4509530e+04   3.4009726e+04   7.3085161e-01
   6.4517197e+01   2.0814983e-01
   1.9482743e+00   6.5169847e-01  -9.0597441e-01   3.5134771e+00   1.0703947e+00   3.0601455e-01   1.3370996e+00   1.7876622e-01   6.7193761e+03   1.4509530e+04   3.4009726e+04   7.3085161e-01
   6.3199199e+01   2.0814983e-01
   1.9482743e+00   6.5169847e-01  -9.0597441e-01   3.5134771e+00   1.0703947e+00   3.0601455e-01   1.3370996e+00   1.7876622e-01   6.7193761e+03   1.4509530e+04   3.4009726e+04   7.3085161e-01
