  Shrink.co.GWallFactSG Qmin       Shrink.co.EMet.factE  Cond.fact. Lengthcon. Ref.cond.  Oxy.deman  Oxygenref Met.factG  Metdecay WallFactTG TauFactG   SigmFactE  SigmFactG  WallFactSE WallFactTE RefSigma   RefTau     RefWallTh  WallFactME WallFactMG RandMet    RandHyd    CrossTS    CrossST    CrossAD    ActInf  Hdinp  Ninv      deltaP     Inflow       Conduct.      OxSupTot      tb        tc       tp       PathB      PathE    PathP   TissueFa  VesselFa   NetwFa    PathwE    VelErr     HctErr     DiaErr     VelR      DOxSatM   DOxPressM  DOxSat   DOxPress       EnCons    VolTot     OxDefic     OxEffic   RMSOxyHet   PCapRel     JVrel       AdAvgDia     AdAvgWall   ElongParaAvg  GrowthParaAvg  TauVarRMS   SigmaErr  WallLumen     TauErr    SigAVDiff    SigRsq    SigB     TauAVDiff    TauB      RMSTauP    RMSSigP   RMSAreaP    RMSD3P       Kte DelSeg AdRun DerrR AdRanR OptPar     SigMean  TauMean  AvgDia   AWallTh  AWallArCapFlRMS  CapFluxRMS CapPO2RMS ConsAdSens OxExtr. PathLqRMS  OxDemand  FlowDemR2 FlowDemB
   0.019882   0.674328   0.010000   2.558196   0.813091   1.588077   14292.00    6618.00  0.0000400  94.434  -0.327331   10000.00   0.114198   0.000000   0.000000   1.000000   0.674328   0.114198      34168   0.559846   0.803949   0.000000   0.000000   0.000000   0.000000   0.000000   0.000000   0.030000  1.0000  0.450   0       40.0217    399.9998    9.99456205    85.01360     1.342     0.980     1.638    4116.6    4052.0    4169.4  0.730297  0.745177  0.972547  1.007697  1.3802838  0.2070907  0.1397524  0.0000000   0.01988     9.265   0.01988     9.265     21.3396     8.94473   0.0000000   0.1039295   0.0342654   0.3048210  -0.02511   0.003157935   0.100091870   0.000195404   0.057989927     0.9326     0.28833   0.204503     0.28665   0.015878    0.63803    0.48558    0.26852    0.30680   0.279449   0.088689   0.165440   0.173483   1.000000   0   600     0   1   0.00000000    118359   51.671  14.6879  2.74139  2.74139   2.52081   2.87080   0.04445   1.00000   0.02115   0.39905   1.78612   0.00000   0.00000
 
  Name  oldDia   newDia   Pr_mean  Tau_real  Tau_fit    Vel       Flow    Visc      HD     P_O2      S_O2     S_tot   MetStim   Hydrod   CondSti MetLoc   MetConv   Typ   WallTh   Sigma    SO2in    SO2out     deltaP   ConsAdFact
     2   31.758   38.827   53.496   27.707   -1.835   5.6294    399.9998  2.389   0.4500  95.0464   0.9399   0.0001   0.0000   0.0000   0.8003   0.0000      0.0     1    7.576    218573   0.9400   0.9399     0.65142   1.0000000
     3   29.444   34.746   52.805   33.630   -1.827   5.9439    338.2492  2.458   0.4591  94.9723   0.9398   0.0001   0.0000   0.0000   0.7417   0.0000      0.0     1    7.588    196531   0.9399   0.9397     0.72989   1.0000000
     4   28.288   32.662   52.074   37.713   -1.818   6.0703    305.2648  2.537   0.4692  94.9032   0.9397   0.0001   0.0000   0.0000   0.7069   0.0000      0.0     1    7.573    184572   0.9397   0.9396     0.73321   1.0000000
     5   24.107   26.065   50.555   63.088   -1.798   7.3441    235.2309  2.799   0.4817  94.8081   0.9395   0.0002   0.0000   0.0000   0.5543   0.0000      0.0     1    7.951    144316   0.9396   0.9394     2.30535   1.0000000
     6   13.724   18.114   46.253   57.474   -1.731   4.4589     68.9490  2.919   0.4126  94.2328   0.9385   0.0004   0.0044   0.0000   0.5532   0.0044      0.7     1    5.218    137999   0.9394   0.9375     6.29710   1.0000000
     7   14.085   17.814   40.959   55.027   -1.625   3.9472     59.0344  3.104   0.4327  93.3415   0.9368   0.0004   0.0277   0.0000   0.5432   0.0226      3.9     1    4.562    134047   0.9375   0.9361     4.29135   1.0000000
     8   14.540   17.658   38.036   53.208   -1.555   3.5650     52.3895  3.295   0.4533  92.8097   0.9358   0.0003   0.0567   0.0000   0.5302   0.0191      7.3     1    4.216    131684   0.9361   0.9355     1.55486   1.0000000
     9   14.590   17.339   36.770   53.379   -1.522   3.2784     46.4525  3.529   0.4741  92.5589   0.9353   0.0003   0.0756   0.0000   0.5149   0.0161      8.8     1    4.062    129258   0.9355   0.9351     0.97758   1.0000000
    10   13.926   16.273   35.746   54.796   -1.495   2.8875     36.0360  3.860   0.4886  92.3360   0.9348   0.0003   0.0953   0.0000   0.4908   0.0224      8.8     1    3.850    124683   0.9351   0.9346     1.06929   1.0000000
    11   14.039   15.808   34.070   53.471   -1.449   2.4941     29.3725  4.236   0.5126  91.9126   0.9340   0.0003   0.1399   0.0000   0.4661   0.0593     11.2     1    3.612    122215   0.9346   0.9334     2.28247   1.0000000
    12   13.158   14.428   32.277   59.272   -1.398   2.1866     21.4542  4.889   0.5334  91.4336   0.9330   0.0003   0.1933   0.0000   0.3960   0.0474     12.0     1    3.390    113201   0.9334   0.9327     1.30448   1.0000000
    13   13.214   14.043   30.593   56.144   -1.351   1.8071     16.7954  5.454   0.5599  90.8991   0.9319   0.0002   0.2625   0.0000   0.3642   0.0984     14.0     1    3.140    111707   0.9327   0.9312     2.06301   1.0000000
    14   11.336   12.301   28.138   58.831   -1.285   1.4022     10.0013  6.452   0.5716  89.9037   0.9298   0.0002   0.3974   0.0000   0.2552   0.1916     15.0     1    2.739    103102   0.9312   0.9284     2.84724   1.0000000
    15   13.209   17.200   52.126   60.320   -1.819   4.4289     61.7506  2.928   0.4000  94.8282   0.9395   0.0004   0.0000   0.0000   0.5478   0.0000      0.0     1    5.790    138087   0.9399   0.9392     2.08795   1.0000000
    16   11.561   14.130   42.068   72.936   -1.650   3.7769     35.5426  3.411   0.4036  92.9099   0.9360   0.0004   0.1018   0.0000   0.4093   0.1018      9.4     1    4.562    115013   0.9392   0.9327    18.02896   1.0000000
    17   14.478   15.075   30.882   53.206   -1.359   2.8836     30.8859  3.477   0.4289  90.6885   0.9315   0.0002   0.2532   0.0000   0.3904   0.1264     24.5     1    3.305    114603   0.9327   0.9302     4.34275   1.0000000
    18   14.149   14.069   27.644   63.038   -1.273   2.7968     26.0942  3.964   0.4559  89.8593   0.9297   0.0002   0.3428   0.0000   0.2764   0.0748     31.4     1    3.109    101917   0.9302   0.9292     2.13403   1.0000000
    19   13.140   12.660   25.856   76.588   -1.232   2.5013     18.8957  4.846   0.4925  89.4583   0.9288   0.0002   0.3909   0.0000   0.1815   0.0551     27.6     1    2.969     90806   0.9292   0.9285     1.44067   1.0000000
    20    9.035   11.855   45.270  102.115   -1.714   3.9564     26.2080  3.825   0.3951  93.7015   0.9375   0.0006   0.0280   0.0000   0.3565   0.0280      1.7     1    4.868    103774   0.9392   0.9357    11.62396   1.0000000
    21    8.693   10.327   36.217  112.458   -1.508   3.2367     16.2682  4.485   0.4095  92.1815   0.9345   0.0006   0.1067   0.0000   0.2584   0.0732      4.5     1    3.801     89831   0.9357   0.9333     6.48344   1.0000000
    22    8.415    9.264   31.512  113.834   -1.376   2.3340      9.4417  5.649   0.4515  91.2234   0.9326   0.0005   0.1949   0.0000   0.1854   0.0785      5.4     1    3.185     82193   0.9333   0.9318     2.92619   1.0000000
    23   13.841   18.247   48.500   58.971   -1.768   4.4632     70.0339  3.014   0.4275  94.3802   0.9387   0.0004   0.0012   0.0000   0.5512   0.0012      0.2     1    5.540    138950   0.9396   0.9378     6.41401   1.0000000
    24   13.450   17.285   44.939   61.695   -1.708   4.0491     57.0131  3.292   0.4470  93.8393   0.9377   0.0004   0.0039   0.0000   0.5298   0.0022      0.5     1    5.072    132185   0.9378   0.9376     0.70837   1.0000000
    25   12.668   15.695   41.894   70.932   -1.646   3.7219     43.2065  3.739   0.4667  93.3624   0.9368   0.0004   0.0273   0.0000   0.4674   0.0243      2.8     1    4.731    120704   0.9376   0.9360     5.38176   1.0000000
    26   13.542   15.592   36.450   63.615   -1.514   3.0767     35.2540  4.030   0.4914  92.4161   0.9350   0.0004   0.0980   0.0000   0.4458   0.0686      8.9     1    4.037    118257   0.9360   0.9340     5.50588   1.0000000
    27   14.113   15.009   31.283   52.161   -1.370   2.2564     23.9573  4.337   0.5055  91.1435   0.9324   0.0002   0.2370   0.0000   0.4060   0.1502     17.4     1    3.262    116914   0.9340   0.9309     4.82786   1.0000000
    28   14.981   15.283   27.868   42.825   -1.278   1.7723     19.5098  4.617   0.5316  89.9871   0.9300   0.0001   0.3710   0.0000   0.3745   0.1302     26.3     1    2.827    119118   0.9309   0.9291     2.00203   1.0000000
    29    6.700    8.186   37.253  151.590   -1.535   3.1469      9.9398  4.930   0.3716  92.3485   0.9349   0.0007   0.0867   0.0000   0.1764   0.0494      2.2     1    3.734     79361   0.9357   0.9340     4.40994   1.0000000
    30    5.744    6.615   30.188  119.354   -1.339   2.2583      4.6567  4.370   0.2361  89.4775   0.9289   0.0006   0.3269   0.0000   0.0663   0.2265      5.2     2    2.439     74776   0.9327   0.9250     5.72992   1.0000000
    31   10.464   10.545   27.676   66.809   -1.273   1.2963      6.7940  6.794   0.5426  89.5548   0.9290   0.0002   0.4432   0.0000   0.1814   0.2642     12.1     1    2.567     94334   0.9312   0.9269     3.77188   1.0000000
    32    9.012   10.368   24.662   45.312   -1.209   0.7940      4.0230  7.397   0.5624  87.3058   0.9238   0.0001   0.7105   0.0000   0.1202   0.3981     16.7     2    2.007    101438   0.9269   0.9208     2.25505   1.0000000
    33    7.033    8.152   27.345   56.100   -1.265   1.5299      4.7917  3.737   0.2818  88.3520   0.9263   0.0003   0.4684   0.0000   0.2026   0.2939      9.3     1    1.965     93926   0.9302   0.9224     2.73141   1.0000000
    34    8.836   11.854   47.896  118.017   -1.759   4.9810     32.9844  3.511   0.3656  94.3753   0.9387   0.0007   0.0012   0.0000   0.3370   0.0012      0.1     1    5.436    101649   0.9397   0.9377     9.08921   1.0000000
    35    8.947   11.056   38.367  111.063   -1.564   3.8357     22.0962  4.002   0.3910  93.0149   0.9362   0.0006   0.0485   0.0000   0.3056   0.0473      2.6     1    4.150     93812   0.9377   0.9346     9.96852   1.0000000
    36    9.107    9.955   31.380  111.623   -1.373   2.8218     13.1805  4.923   0.4289  91.8083   0.9338   0.0005   0.1322   0.0000   0.2337   0.0689      4.7     1    3.299     84123   0.9346   0.9329     4.00527   1.0000000
    37    8.871    9.190   25.957   71.991   -1.234   1.5383      6.1231  5.376   0.4333  89.3401   0.9285   0.0003   0.4410   0.0000   0.1510   0.3713     10.8     1    2.297     86605   0.9329   0.9242     6.84057   1.0000000
    38   12.348   13.612   24.524   24.626   -1.206   0.6936      6.0572  6.042   0.5815  85.4757   0.9192   0.0000   0.9675   0.0000   0.1528   0.8368     50.2     2    1.950    130546   0.9284   0.9101     4.38019   1.0000000
    39    6.866    8.085   35.314  196.963   -1.483   3.3811     10.4165  5.888   0.4239  92.3356   0.9348   0.0008   0.0937   0.0000   0.0938   0.0196      2.5     1    3.897     72465   0.9351   0.9346     1.93416   1.0000000
    40   12.934   13.461   26.127   41.850   -1.238   1.3297     11.3561  5.296   0.5385  89.0990   0.9280   0.0001   0.4815   0.0000   0.3030   0.1567     23.1     1    2.451    113151   0.9291   0.9270     1.48077   1.0000000
    41   11.491   12.715   24.376   30.835   -1.204   0.8617      6.5663  5.688   0.5438  87.3168   0.9239   0.0001   0.7003   0.0000   0.2504   0.3976     26.4     1    2.006    119334   0.9270   0.9207     2.02126   1.0000000
    42    8.290   10.020   35.225   99.484   -1.481   2.9177     13.8066  4.271   0.3853  91.3702   0.9329   0.0005   0.2431   0.0000   0.2047   0.2411     10.4     1    3.508     90638   0.9376   0.9282    18.71872   1.0000000
    43    9.068    9.844   29.231   76.428   -1.313   1.7337      7.9183  5.425   0.4562  89.9433   0.9299   0.0003   0.3863   0.0000   0.1777   0.3083     11.4     1    2.682     91095   0.9334   0.9264     7.39582   1.0000000
    44    9.075   10.407   24.728   21.872   -1.210   0.9387      4.7917  3.031   0.2818  82.3762   0.9106   0.0001   0.9592   0.0000   0.1839   0.7565     38.9     1    1.566    126125   0.9224   0.8989     2.50251   1.0000000
   101    7.646    8.947   30.607   54.122   -1.351   1.3385      5.0505  4.523   0.3718  87.2004   0.9236   0.0002   0.7001   0.0000   0.0791   0.6721     20.3     2    2.301     99808   0.9340   0.9131     8.88327   1.0000000
   102    7.496    8.734   30.607   57.492   -1.351   1.3599      4.8893  4.616   0.3713  87.4139   0.9241   0.0002   0.6740   0.0000   0.0767   0.6449     18.2     2    2.315     97456   0.9340   0.9142     8.88327   1.0000000
   103    8.778   10.080   27.936   43.383   -1.280   1.4255      6.8265  3.835   0.3513  85.8959   0.9203   0.0001   0.8185   0.0000   0.0708   0.7863     38.2     2    2.151    105952   0.9333   0.9073    10.07874   1.0000000
   104    8.946    9.886   26.593   44.141   -1.248   1.0249      4.7209  5.322   0.4515  86.6250   0.9222   0.0001   0.7936   0.0000   0.0780   0.7358     24.7     2    2.059    102917   0.9318   0.9125     6.91184   1.0000000
   105    8.946    9.886   26.593   44.141   -1.248   1.0249      4.7209  5.322   0.4515  86.6250   0.9222   0.0001   0.7936   0.0000   0.0780   0.7358     24.7     2    2.059    102917   0.9318   0.9125     6.91184   1.0000000
   106    7.432    8.134   24.887   47.554   -1.213   1.4934      4.6567  3.238   0.2361  83.8625   0.9149   0.0002   0.7817   0.0000   0.0502   0.6215     23.6     2    1.742     94110   0.9250   0.9048     4.87298   1.0000000
   108    7.944   10.046   22.964   12.369   -1.182   0.4987      2.3722  3.114   0.2821  74.3552   0.8822  -0.0000   1.4273   0.0000   0.0623   0.9277     61.3     2    1.216    141795   0.8989   0.8656     1.02623   1.0000000
   109   12.782   11.890   21.828   70.788   -1.169   1.8724     12.4767  5.619   0.5207  88.3002   0.9262   0.0001   0.5482   0.0000   0.0931   0.3021     31.6     2    2.437     85602   0.9285   0.9239     6.61646   1.0000000
   110    8.976   10.042   22.147   54.017   -1.173   1.3507      6.4191  5.020   0.4375  87.0429   0.9232   0.0001   0.6833   0.0000   0.0790   0.5070     24.6     2    1.955     90638   0.9285   0.9179     5.97840   1.0000000
   111    9.821   11.166   23.077   31.761   -1.184   1.2250      7.1985  3.619   0.3599  84.4452   0.9165   0.0001   0.9225   0.0000   0.0941   0.8296     53.1     2    1.796    111106   0.9292   0.9038     6.99978   1.0000000
   112   13.727   15.332   21.718   15.366   -1.168   0.5467      6.0572  5.387   0.5815  80.6815   0.9054   0.0000   1.3119   0.0000   0.0792   0.5286    118.4     2    1.643    149641   0.9101   0.9007     1.23312   1.0000000
   114   10.999   12.592   22.318   20.867   -1.175   0.5383      4.0230  6.102   0.5624  82.8924   0.9121   0.0000   1.1511   0.0000   0.0807   0.8298     53.1     2    1.633    129717   0.9208   0.9035     2.43363   1.0000000
   115    9.849    9.207   24.330   42.330   -1.203   0.6936      2.7710  7.024   0.5139  86.1326   0.9209   0.0001   0.8368   0.0000   0.0554   0.6077     16.3     2    1.800     99233   0.9269   0.9150     2.91987   1.0000000
   116    7.892    9.236   29.041   65.273   -1.308   1.6573      6.6636  4.548   0.3827  87.9916   0.9255   0.0003   0.6287   0.0000   0.0674   0.6006     21.7     2    2.406     93753   0.9346   0.9163    12.34171   1.0000000
   117    7.592    8.433   28.354   84.887   -1.290   1.5903      5.3306  5.628   0.4174  88.8552   0.9275   0.0003   0.5395   0.0000   0.0410   0.5084     13.2     2    2.446     84138   0.9346   0.9203    11.98572   1.0000000
   118    7.100    7.863   28.354  107.933   -1.290   1.7452      5.0859  6.079   0.4308  89.6704   0.9293   0.0004   0.4328   0.0000   0.0350   0.3959      8.7     2    2.549     77284   0.9346   0.9240    11.98572   1.0000000
   119    9.941   10.928   24.536   35.277   -1.207   0.7008      3.9441  6.877   0.5565  85.8500   0.9202   0.0001   0.9106   0.0000   0.0714   0.7649     28.2     2    1.903    110347   0.9284   0.9120     4.35644   1.0000000
   120    7.753    8.872   27.631   63.775   -1.272   1.2557      4.6588  5.633   0.4382  87.9605   0.9254   0.0002   0.6392   0.0000   0.0626   0.5721     15.7     2    2.226     91922   0.9327   0.9181     7.98844   1.0000000
   121   10.643   11.121   23.062   43.280   -1.184   1.0589      6.1733  5.682   0.5050  86.1332   0.9209   0.0001   0.8058   0.0000   0.0743   0.5770     33.4     2    1.989    101409   0.9264   0.9155     4.94265   1.0000000
   122   11.338   13.485   22.402   15.229   -1.176   0.4608      3.9493  5.571   0.5545  82.2860   0.9103   0.0000   1.1998   0.0000   0.1492   0.9207     58.8     2    1.537    146016   0.9207   0.9000     1.92754   1.0000000
   123   11.443   11.446   24.153   53.991   -1.200   1.3205      8.1537  5.850   0.5220  87.9831   0.9254   0.0002   0.6274   0.0000   0.1250   0.4156     26.5     2    2.279     97046   0.9291   0.9218     5.42957   1.0000000
   124    8.117    8.922   25.678   51.247   -1.228   1.1853      4.4475  4.823   0.3912  86.7118   0.9224   0.0002   0.7370   0.0000   0.0622   0.6375     19.9     2    1.958     95205   0.9309   0.9139     6.38307   1.0000000
   125    7.609    8.977   30.845   80.444   -1.358   2.0937      7.9525  4.312   0.3575  88.7806   0.9273   0.0003   0.5383   0.0000   0.0660   0.5252     19.5     2    2.690     89274   0.9360   0.9185    16.71681   1.0000000
   126    7.763    9.433   32.008  103.520   -1.390   3.1048     13.0208  3.932   0.3419  90.2698   0.9306   0.0004   0.3749   0.0000   0.1019   0.3741     17.9     2    3.186     84601   0.9378   0.9233    26.57056   1.0000000
   127    9.787   10.503   26.052   86.083   -1.236   2.1727     11.2967  5.202   0.4614  89.6264   0.9292   0.0003   0.4454   0.0000   0.1031   0.3911     20.2     2    2.695     85130   0.9340   0.9244    15.28945   1.0000000
   128   10.448   11.210   22.447   36.444   -1.176   1.2950      7.6706  3.944   0.3900  85.3053   0.9188   0.0001   0.8388   0.0000   0.1045   0.7178     45.3     2    1.858    105289   0.9282   0.9094     6.83876   1.0000000
   129    9.318    9.768   22.557   47.906   -1.177   1.3646      6.1360  4.287   0.3795  85.9425   0.9204   0.0001   0.7617   0.0000   0.0651   0.6213     29.4     2    1.866     93824   0.9282   0.9127     6.61870   1.0000000
   130    8.172    8.694   21.420   24.471   -1.166   0.5872      2.0914  4.529   0.3588  82.1865   0.9100   0.0001   1.0862   0.0000   0.0566   0.9161     23.5     2    1.307    109284   0.9242   0.8959     2.23457   1.0000000
   131    9.160   10.379   26.843   48.176   -1.254   1.7559      8.9157  3.560   0.3350  86.5813   0.9220   0.0002   0.7486   0.0000   0.0830   0.7294     41.1     2    2.210    102018   0.9346   0.9095    13.08041   1.0000000
   132    9.696   10.498   24.207   47.982   -1.201   1.3586      7.0574  4.635   0.4251  86.9186   0.9229   0.0002   0.7579   0.0000   0.0737   0.7172     33.4     2    2.058     98549   0.9329   0.9128    10.34008   1.0000000
   133    9.682   10.413   20.787   32.788   -1.160   0.7890      4.0317  5.409   0.4720  84.4016   0.9164   0.0001   0.9497   0.0000   0.0596   0.7238     32.0     2    1.604    103855   0.9242   0.9086     3.49951   1.0000000
   134    7.336    8.691   30.147  109.106   -1.338   3.0586     10.8882  3.876   0.3139  89.7666   0.9295   0.0004   0.4142   0.0000   0.0542   0.4135     17.4     2    2.931     79765   0.9377   0.9213    26.40926   1.0000000
   135   15.386   15.277   34.712  342.735   -1.467  15.1121    166.2820  4.332   0.5103  94.6330   0.9392   0.0008   0.0000   0.0000   0.0464   0.0000      0.0     2    8.215     66257   0.9394   0.9390    29.38066   1.0000000
   136    7.103    8.511   32.008  101.248   -1.390   2.9041      9.9146  3.709   0.2935  89.5292   0.9290   0.0004   0.4228   0.0000   0.0723   0.4202     16.3     2    2.925     83493   0.9375   0.9204    22.19260   1.0000000
   137    7.004    8.470   24.585   17.601   -1.207   0.5161      1.7450  3.611   0.2835  79.5603   0.9017   0.0000   1.2312   0.0000   0.0718   1.1326     28.1     2    1.267    125996   0.9264   0.8771     1.89710   1.0000000
   138    8.819   10.229   22.952   11.770   -1.182   0.4907      2.4195  3.067   0.2814  74.0541   0.8810   0.0000   1.4451   0.0000   0.0668   0.9672     65.3     2    1.200    145779   0.8989   0.8631     1.05046   1.0000000
   139    6.535    7.409   30.933  107.358   -1.360   2.2944      5.9370  4.334   0.2904  89.4148   0.9287   0.0005   0.3923   0.0000   0.0645   0.3686      8.7     2    2.623     78947   0.9355   0.9220    12.65198   1.0000000
   140    6.647    7.704   31.710   95.086   -1.382   2.3755      6.6449  3.855   0.2702  88.8770   0.9275   0.0004   0.4483   0.0000   0.0681   0.4340     12.0     2    2.635     83031   0.9361   0.9190    14.20684   1.0000000
   141   10.541   10.645   23.192   43.601   -1.186   0.8969      4.7898  6.469   0.5312  86.3023   0.9213   0.0001   0.8213   0.0000   0.0609   0.5960     27.0     2    1.948    100004   0.9270   0.9157     4.38949   1.0000000
   142   10.275   11.065   22.388   20.187   -1.175   0.4535      2.6170  6.157   0.5277  82.3015   0.9104   0.0000   1.1855   0.0000   0.0647   0.8979     37.6     2    1.492    125677   0.9207   0.9000     1.95522   1.0000000
   201   38.530   35.725   14.297   35.772   -1.146   6.6489    400.0000  2.403   0.4500  85.8481   0.9202  -0.0001   1.0167   0.0000   0.0297   0.0081   3757.0     3    3.066    120625   0.9203   0.9201     0.99353   1.0000000
   202   32.096   33.162   15.406   20.065   -1.146   3.6297    188.1470  2.292   0.4222  80.7884   0.9057  -0.0001   1.2050   0.0000   0.0813   0.0408   2828.3     3    2.437    150126   0.9061   0.9054     1.22475   1.0000000
   203   29.210   29.850   16.812   17.829   -1.147   2.8086    117.9562  2.369   0.4273  81.2092   0.9071  -0.0001   1.1822   0.0000   0.1306   0.0844   1676.7     3    2.313    155908   0.9078   0.9064     1.58831   1.0000000
   204   22.868   23.661   18.165   19.009   -1.149   2.3470     61.9306  2.396   0.3928  81.3031   0.9074  -0.0001   1.1435   0.0000   0.1300   0.0885    799.9     3    2.126    146943   0.9081   0.9066     1.11606   1.0000000
   205   21.462   22.411   19.054   18.688   -1.151   2.0661     48.9098  2.534   0.4064  80.6342   0.9053  -0.0001   1.1923   0.0000   0.1041   0.0630    712.8     3    2.101    148283   0.9058   0.9047     0.66196   1.0000000
   206   20.155   21.247   19.575   18.579   -1.153   1.7073     36.3279  2.890   0.4502  80.6389   0.9053  -0.0000   1.2376   0.0000   0.0763   0.0437    591.7     3    2.057    147923   0.9056   0.9049     0.38176   1.0000000
   207   18.959   20.081   20.179   16.683   -1.156   1.2590     23.9279  3.326   0.4920  80.4530   0.9047  -0.0000   1.2922   0.0000   0.0738   0.1347    445.1     3    1.948    152216   0.9058   0.9035     0.82438   1.0000000
   208   17.484   18.694   20.794   15.947   -1.160   1.0779     17.7547  3.458   0.4875  79.9530   0.9030  -0.0001   1.3237   0.0000   0.0662   0.0874    356.5     3    1.865    152853   0.9038   0.9023     0.40630   1.0000000
   209   15.647   17.278   21.204   14.982   -1.164   0.9215     12.9649  3.512   0.4714  79.0004   0.8999  -0.0000   1.3669   0.0000   0.0560   0.1174    289.0     3    1.751    153657   0.9009   0.8988     0.41301   1.0000000
   210   14.038   15.596   21.884   16.932   -1.170   0.9026     10.3479  3.658   0.4572  80.1242   0.9036  -0.0000   1.2939   0.0000   0.0617   0.2648    193.4     3    1.730    146199   0.9061   0.9011     0.94799   1.0000000
   211   11.266   12.794   22.997   18.728   -1.183   0.8301      6.4038  3.609   0.3960  80.7233   0.9055   0.0000   1.2263   0.0000   0.0682   0.4223    101.6     3    1.624    136167   0.9101   0.9009     1.27825   1.0000000
   212   23.386   24.582   16.274   19.768   -1.146   2.4645     70.1909  2.465   0.4137  80.8413   0.9059  -0.0000   1.1934   0.0000   0.0841   0.0349   1025.7     3    2.051    140928   0.9062   0.9056     0.51070   1.0000000
   213   20.006   21.164   17.468   16.980   -1.147   1.4717     31.0704  3.052   0.4715  81.4433   0.9078  -0.0000   1.2188   0.0000   0.1115   0.2437    483.4     3    1.847    145113   0.9099   0.9057     1.87876   1.0000000
   214   18.221   19.584   18.718   14.558   -1.150   1.0938     19.7737  3.258   0.4773  79.9717   0.9031  -0.0000   1.2972   0.0000   0.1090   0.1402    372.4     3    1.745    152557   0.9043   0.9019     0.61961   1.0000000
   215   16.790   17.952   20.233   14.344   -1.157   0.7969     12.1031  4.040   0.5326  81.5620   0.9082  -0.0000   1.2502   0.0000   0.1428   0.6300    203.4     3    1.725    153920   0.9144   0.9019     2.41038   1.0000000
   216   18.060   18.983   16.735   24.689   -1.147   2.3034     39.1205  2.544   0.3678  81.2084   0.9071  -0.0000   1.1109   0.0000   0.0599   0.0348    466.0     3    1.891    123203   0.9074   0.9068     0.41299   1.0000000
   217   17.307   18.321   17.564   21.279   -1.148   1.7845     28.2322  2.731   0.3885  80.3476   0.9043  -0.0000   1.1780   0.0000   0.0633   0.1480    397.3     3    1.813    130062   0.9056   0.9030     1.24467   1.0000000
   218   13.264   14.137   18.612   25.250   -1.150   1.1773     11.0891  3.790   0.4422  82.1296   0.9099   0.0000   1.0898   0.0000   0.0583   0.1661    125.4     3    1.658    118285   0.9112   0.9086     0.85072   1.0000000
   219   14.425   15.334   18.717   22.767   -1.150   1.5469     17.1432  2.821   0.3539  80.5044   0.9048   0.0000   1.1359   0.0000   0.0646   0.1698    217.4     3    1.711    124360   0.9064   0.9033     1.06078   1.0000000
   220   12.359   13.334   19.775   23.625   -1.154   1.3136     11.0071  2.998   0.3395  80.4366   0.9046   0.0000   1.1239   0.0000   0.0575   0.2200    135.5     3    1.633    120879   0.9068   0.9025     1.05488   1.0000000
   221   29.623   25.217   17.407   62.671   -1.147   7.0673    211.8529  2.796   0.4747  91.0772   0.9323  -0.0001   0.7010   0.0000   0.0603   0.0202    852.5     3    3.478     95790   0.9326   0.9320     5.22768   1.0000000
   222   19.980   21.596   20.467   17.313   -1.158   2.0732     45.5709  2.255   0.3448  78.6822   0.8988  -0.0000   1.2730   0.0000   0.0779   0.0936    809.1     3    2.103    153862   0.8997   0.8978     0.89096   1.0000000
   223   19.245   20.989   21.204   15.440   -1.164   1.7172     35.6564  2.359   0.3591  77.8532   0.8958  -0.0000   1.3275   0.0000   0.0786   0.0827    722.5     3    2.032    160219   0.8967   0.8950     0.58397   1.0000000
   224   16.935   18.817   21.676   15.499   -1.168   1.5708     26.2147  2.321   0.3258  76.9605   0.8926  -0.0000   1.3420   0.0000   0.0653   0.0641    550.2     3    1.918    156277   0.8932   0.8919     0.35961   1.0000000
   225   10.667   12.398   22.153   15.482   -1.173   0.9701      7.0289  2.473   0.2517  75.3619   0.8864   0.0000   1.3373   0.0000   0.0548   0.2646    146.0     3    1.465    139807   0.8900   0.8828     0.59476   1.0000000
   226   15.334   16.992   22.141   17.446   -1.173   1.4099     19.1858  2.628   0.3530  78.2026   0.8971  -0.0000   1.2942   0.0000   0.0566   0.1100    358.7     3    1.893    147341   0.8982   0.8960     0.57053   1.0000000
   227   13.898   15.347   22.661   22.714   -1.179   1.5103     16.7663  2.885   0.3633  79.8769   0.9028   0.0000   1.1790   0.0000   0.0459   0.0786    236.6     3    1.957    133656   0.9035   0.9021     0.46995   1.0000000
   228   11.720   13.132   24.531   24.581   -1.207   1.2229      9.9398  3.300   0.3716  81.2968   0.9073   0.0000   1.0971   0.0000   0.0709   0.5732    114.5     3    1.921    128221   0.9137   0.9010     3.26897   1.0000000
   229   23.723   24.248   18.063   18.591   -1.148   2.0216     56.0256  2.788   0.4653  82.0002   0.9095  -0.0001   1.1613   0.0000   0.1263   0.0775    756.4     3    2.140    148552   0.9101   0.9089     0.91291   1.0000000
   230   21.172   22.510   18.839   18.093   -1.150   1.8235     43.5489  2.792   0.4495  80.8896   0.9061  -0.0000   1.2129   0.0000   0.1006   0.0670    667.7     3    2.066    149469   0.9066   0.9055     0.63806   1.0000000
   231   20.016   21.333   19.367   18.780   -1.152   1.7310     37.1299  2.893   0.4515  80.5857   0.9051  -0.0000   1.2330   0.0000   0.0757   0.0471    598.0     3    2.053    147159   0.9055   0.9047     0.41929   1.0000000
   232   18.806   20.069   19.754   19.956   -1.154   1.5768     29.9314  3.175   0.4735  80.9083   0.9061  -0.0000   1.2324   0.0000   0.0557   0.0429    481.3     3    2.020    144091   0.9065   0.9058     0.35520   1.0000000
   233   10.776   11.277   21.996   42.389   -1.171   2.0992     12.5819  2.847   0.2797  83.9599   0.9152   0.0001   0.7922   0.0000   0.0876   0.4464     65.5     3    1.931    100343   0.9204   0.9099     5.22198   1.0000000
   234   10.941   11.299   21.147   53.190   -1.163   1.7311     10.4165  4.340   0.4239  85.9928   0.9206   0.0001   0.7530   0.0000   0.0426   0.2056     48.6     3    2.028     92688   0.9221   0.9190     2.42903   1.0000000
   235   17.773   19.242   20.251   16.283   -1.157   1.1183     19.5149  3.502   0.5000  79.5826   0.9018  -0.0000   1.3288   0.0000   0.0565   0.1261    396.8     3    1.871    152416   0.9029   0.9008     0.63818   1.0000000
   236   15.914   17.993   20.836   13.371   -1.161   0.6606     10.0803  4.552   0.5738  79.0903   0.9002  -0.0000   1.4121   0.0000   0.0630   0.2024    250.5     3    1.703    160694   0.9018   0.8985     0.53093   1.0000000
   237   12.630   12.798   21.720   29.660   -1.168   1.2222      9.4346  3.882   0.4212  83.0242   0.9125   0.0000   1.0098   0.0000   0.0627   0.3766     87.2     3    1.840    115267   0.9158   0.9092     2.29974   1.0000000
   238   12.984   13.975   22.317   23.107   -1.175   1.0258      9.4417  3.935   0.4515  81.9588   0.9094   0.0000   1.1155   0.0000   0.0763   0.3591    113.9     3    1.825    128890   0.9125   0.9063     1.64079   1.0000000
   239   11.916   12.684   21.126   34.766   -1.163   1.6353     12.4000  3.371   0.3696  83.4997   0.9139   0.0000   0.9263   0.0000   0.0659   0.3182     92.3     3    1.894    108462   0.9168   0.9110     2.71989   1.0000000
END
