RAT MESENTERY  01-08-85
913



SEGMENT NAME   TYPE   FROM  TO    DIAM   LENGTH  HDmes  VELmes
1	3	5	3	32.000000	205.870480	0.550702	0.000000
2	3	38	5	27.000000	759.061233	0.566268	0.000000
3	3	6	5	23.500000	375.757986	0.527834	0.000000
4	2	7	6	8.500000	422.998868	0.573496	0.000000
5	2	7	988	16.000000	104.781384	0.607553	0.000000
6	1	8	7	15.000000	412.710096	0.598228	0.000000
7	2	8	9	10.000000	304.663748	0.142878	0.000000
8	1	10	8	13.000000	121.632072	0.572244	0.000000
9	2	10	41	11.500000	498.156785	0.584720	0.000000
10	1	15	10	12.500000	221.213662	0.578161	0.000000
11	2	11	12	9.500000	562.083189	0.221538	0.000000
12	2	11	13	9.000000	339.160415	0.544328	0.000000
13	1	14	11	10.000000	293.991140	0.483805	0.000000
14	1	15	14	13.000000	317.026857	0.495341	0.000000
15	2	14	16	10.000000	421.332580	0.505596	0.000000
16	1	17	15	12.500000	841.859344	0.544639	0.000000
17	2	17	18	13.000000	336.258911	0.395843	0.000000
18	1	994	17	14.000000	235.339763	0.500000	0.000000
19	1	19	21	11.500000	445.737144	0.452000	0.000000
20	1	21	53	10.000000	560.500853	0.489672	0.000000
21	1	21	54	9.000000	994.943557	0.377657	0.000000
22	1	22	55	10.000000	462.246317	0.298027	0.000000
23	1	993	22	14.000000	83.689534	0.404000	0.000000
24	1	22	61	16.000000	480.003648	0.431593	0.000000
25	3	27	25	16.000000	547.226840	0.691803	0.000000
26	3	28	27	15.000000	525.200357	0.671641	0.000000
27	2	29	28	15.000000	57.491501	0.716619	0.000000
28	1	29	30	19.000000	165.721711	0.660689	0.000000
29	1	30	31	16.000000	230.815223	0.684377	0.000000
30	2	31	32	14.000000	417.417501	0.684377	0.000000
31	2	31	33	14.000000	156.875738	0.684377	0.000000
32	3	27	34	9.500000	591.617456	0.252027	0.000000
33	3	34	35	17.000000	430.678023	0.498576	0.000000
34	3	35	36	10.000000	249.378907	0.349185	0.000000
35	3	35	38	12.500000	685.651052	0.529394	0.000000
36	3	36	39	12.000000	309.087613	0.488248	0.000000
37	2	37	34	10.000000	266.506302	0.544545	0.000000
38	2	37	36	10.000000	390.973000	0.520133	0.000000
39	3	40	38	23.000000	185.102669	0.574778	0.000000
40	3	41	6	23.000000	346.135209	0.524830	0.000000
41	3	48	41	19.000000	810.741676	0.506956	0.000000
42	3	42	40	16.000000	244.467850	0.580368	0.000000
43	3	43	42	15.000000	273.471414	0.635261	0.000000
44	3	44	40	20.000000	285.046284	0.572980	0.000000
45	3	39	44	16.500000	141.833246	0.497894	0.000000
46	3	45	42	7.500000	562.838825	0.363361	0.000000
47	3	45	44	13.000000	370.281449	0.644621	0.000000
48	2	46	43	10.000000	508.441055	0.621991	0.000000
49	2	46	43	11.000000	550.776276	0.645536	0.000000
50	2	110	39	10.000000	668.251706	0.519444	0.000000
51	3	47	45	12.500000	109.176410	0.612956	0.000000
52	3	49	48	12.000000	245.035736	0.508897	0.000000
53	3	50	49	11.000000	33.252614	0.362430	0.000000
54	3	51	48	12.000000	183.784002	0.505347	0.000000
55	3	50	51	11.000000	47.319040	0.458125	0.000000
56	3	52	50	11.000000	130.622986	0.420720	0.000000
57	2	53	51	12.000000	912.107302	0.547027	0.000000
58	3	126	52	13.000000	454.577403	0.497166	0.000000
59	2	55	56	8.000000	301.116457	0.292392	0.000000
60	2	55	56	8.000000	280.690779	0.303382	0.000000
61	2	54	57	8.000000	328.283677	0.236544	0.000000
62	3	57	58	9.500000	31.428797	0.301559	0.000000
63	2	53	58	11.000000	533.427375	0.294865	0.000000
64	3	58	52	10.000000	564.183886	0.298016	0.000000
65	2	60	57	10.000000	206.887715	0.394498	0.000000
66	1	131	60	8.500000	403.369277	0.371158	0.000000
67	2	60	70	10.000000	1203.333458	0.343192	0.000000
68	1	61	62	16.000000	56.023796	0.454544	0.000000
69	2	62	63	16.000000	353.822612	0.471382	0.000000
70	2	61	64	7.000000	331.652803	0.249939	0.000000
71	1	62	65	10.000000	314.171846	0.408998	0.000000
72	2	65	64	8.500000	84.539646	0.356183	0.000000
73	3	56	66	11.500000	425.610744	0.298027	0.000000
74	3	67	66	12.000000	52.164683	0.310775	0.000000
75	3	64	67	9.500000	353.287444	0.296462	0.000000
76	1	65	68	10.000000	397.919900	0.439311	0.000000
77	2	68	67	9.000000	185.356921	0.362720	0.000000
78	3	66	69	14.500000	102.645861	0.304329	0.000000
79	2	54	69	12.000000	555.744962	0.420971	0.000000
80	3	69	71	17.000000	550.348575	0.337947	0.000000
81	1	68	72	9.500000	111.127361	0.482607	0.000000
82	2	72	73	8.000000	359.496223	0.363339	0.000000
83	2	72	73	11.000000	290.122374	0.525494	0.000000
84	3	73	74	12.000000	141.877195	0.482607	0.000000
85	2	75	74	18.000000	284.836939	0.500000	0.000000
86	3	74	76	21.000000	125.124078	0.497731	0.000000
87	3	76	71	27.000000	297.190458	0.497615	0.000000
88	3	77	76	26.000000	162.044406	0.497474	0.000000
89	2	78	77	16.000000	694.621571	0.364614	0.000000
90	3	79	77	20.000000	551.942662	0.614506	0.000000
91	1	987	78	18.000000	101.980390	0.343000	0.000000
92	2	78	79	10.000000	284.457874	0.186776	0.000000
93	2	80	79	13.000000	421.343013	0.673869	0.000000
94	1	81	80	16.000000	328.127580	0.761137	0.000000
95	2	81	82	11.000000	224.086306	0.628947	0.000000
96	1	83	81	17.000000	184.991015	0.739904	0.000000
97	2	80	140	23.000000	1353.646530	0.778704	0.000000
98	1	84	83	17.000000	57.778609	0.720938	0.000000
99	2	83	85	9.000000	416.132327	0.513000	0.000000
100	2	84	86	10.000000	605.353991	0.573891	0.000000
101	1	87	84	19.000000	316.795127	0.702071	0.000000
102	2	87	88	11.000000	343.004576	0.531215	0.000000
103	1	89	87	19.000000	237.941417	0.682642	0.000000
104	1	89	90	17.000000	42.056324	0.602312	0.000000
105	2	90	91	18.000000	435.173880	0.599842	0.000000
106	1	90	92	11.000000	352.723259	0.606760	0.000000
107	2	30	93	12.000000	584.107855	0.510793	0.000000
108	2	94	93	14.000000	194.778045	0.500000	0.000000
109	3	93	95	19.000000	343.716772	0.506026	0.000000
110	3	95	96	21.000000	371.362562	0.373310	0.000000
111	3	97	95	17.500000	328.321738	0.318719	0.000000
112	3	98	97	9.500000	237.159821	0.260770	0.000000
113	3	99	97	10.000000	242.076913	0.371584	0.000000
114	2	100	99	7.000000	215.558457	0.048701	0.000000
115	1	100	29	18.000000	209.703596	0.691150	0.000000
116	2	101	28	11.000000	293.946794	0.495870	0.000000
117	1	101	100	18.000000	52.952809	0.678544	0.000000
118	1	102	101	18.000000	44.152693	0.656585	0.000000
119	2	102	99	11.000000	204.754860	0.424785	0.000000
120	1	103	102	18.000000	106.319845	0.634602	0.000000
121	1	104	103	20.000000	209.419713	0.614461	0.000000
122	2	104	98	6.500000	398.985424	0.120913	0.000000
123	2	172	98	8.000000	556.145868	0.336256	0.000000
124	3	96	106	28.000000	105.051248	0.381504	0.000000
125	1	103	37	12.000000	498.516268	0.533085	0.000000
126	1	109	104	20.000000	692.282837	0.600870	0.000000
127	1	111	110	9.500000	433.198484	0.458791	0.000000
128	2	110	115	10.500000	376.475302	0.179926	0.000000
129	2	111	112	7.000000	293.131154	0.435934	0.000000
130	1	113	111	10.000000	160.247508	0.450063	0.000000
131	1	113	114	6.000000	173.884896	0.443217	0.000000
132	1	109	113	10.500000	385.471334	0.447706	0.000000
133	2	114	115	16.000000	531.388243	0.282930	0.000000
134	3	115	116	17.000000	166.121797	0.243546	0.000000
135	3	117	116	14.000000	127.547860	0.478953	0.000000
136	2	118	117	10.500000	723.427409	0.429638	0.000000
137	3	116	47	12.000000	204.936857	0.363356	0.000000
138	2	118	47	15.000000	415.508107	0.721605	0.000000
139	2	119	117	10.000000	507.910185	0.530621	0.000000
140	1	119	120	15.000000	108.978564	0.695449	0.000000
141	2	120	121	9.500000	649.151635	0.494179	0.000000
142	2	120	121	15.000000	433.528948	0.720479	0.000000
143	1	211	119	15.000000	577.133033	0.668523	0.000000
144	1	122	46	11.500000	332.195251	0.635261	0.000000
145	1	122	118	13.000000	91.405560	0.691879	0.000000
146	1	123	122	14.000000	464.908236	0.671237	0.000000
147	1	123	124	12.500000	441.134994	0.606928	0.000000
148	1	127	123	18.000000	629.259846	0.649983	0.000000
149	2	125	49	12.500000	805.072790	0.592295	0.000000
150	2	125	126	8.500000	464.589932	0.326130	0.000000
151	1	127	125	11.000000	790.729148	0.550924	0.000000
152	3	128	126	15.000000	215.542329	0.541283	0.000000
153	2	129	128	9.000000	624.844365	0.509832	0.000000
154	2	130	128	17.500000	501.208391	0.609850	0.000000
155	1	129	131	17.000000	854.042474	0.644916	0.000000
156	1	131	132	18.000000	257.884527	0.664878	0.000000
157	1	132	133	11.000000	384.195901	0.543856	0.000000
158	1	132	135	17.000000	306.182216	0.687080	0.000000
159	1	133	130	11.000000	135.453781	0.577485	0.000000
160	2	130	134	18.000000	283.718387	0.532670	0.000000
161	2	133	134	6.000000	388.918595	0.184326	0.000000
162	2	135	70	8.500000	693.925528	0.264667	0.000000
163	2	135	136	18.000000	537.054446	0.703338	0.000000
164	1	229	129	19.000000	848.590711	0.625560	0.000000
165	3	134	136	18.000000	203.042797	0.469139	0.000000
166	3	70	137	13.500000	1241.450872	0.305057	0.000000
167	3	71	137	30.000000	994.376734	0.441998	0.000000
168	3	138	139	43.000000	749.458774	0.532351	0.000000
169	3	140	138	33.000000	321.359292	0.594318	0.000000
170	3	137	138	30.000000	67.418362	0.437370	0.000000
171	3	136	141	27.000000	195.496536	0.684128	0.000000
172	3	141	139	27.000000	201.662693	0.647065	0.000000
173	3	139	230	40.000000	330.599851	0.552060	0.000000
174	2	229	141	6.000000	421.679115	0.364456	0.000000
175	3	142	140	26.000000	273.520202	0.456388	0.000000
176	3	143	142	12.000000	65.814695	0.434378	0.000000
177	3	144	142	18.000000	295.604633	0.460945	0.000000
178	3	145	144	13.000000	431.760725	0.500674	0.000000
179	2	146	145	6.500000	796.990750	0.369219	0.000000
180	3	85	145	12.500000	463.660992	0.517624	0.000000
181	2	146	85	9.000000	337.351896	0.525627	0.000000
182	1	154	146	10.000000	339.943668	0.484896	0.000000
183	3	147	143	10.500000	188.871926	0.407267	0.000000
184	2	148	143	7.000000	248.547802	0.507668	0.000000
185	2	148	147	10.000000	278.722277	0.494661	0.000000
186	1	149	148	9.500000	360.441762	0.499865	0.000000
187	3	150	144	17.000000	498.893447	0.450388	0.000000
188	3	151	150	11.000000	54.993071	0.400881	0.000000
189	3	152	151	11.000000	33.702081	0.401081	0.000000
190	2	149	152	8.000000	374.462713	0.395674	0.000000
191	2	154	150	11.000000	558.740178	0.603432	0.000000
192	2	155	151	7.000000	660.632055	0.399450	0.000000
193	2	153	147	11.000000	291.399017	0.298399	0.000000
194	1	155	154	12.000000	383.506394	0.565162	0.000000
195	1	156	155	11.000000	145.355007	0.531255	0.000000
196	1	156	89	23.000000	313.666558	0.661650	0.000000
197	1	157	156	21.000000	646.908365	0.645127	0.000000
198	1	158	157	21.000000	130.900101	0.626246	0.000000
199	3	159	152	11.000000	389.841207	0.402009	0.000000
200	1	160	149	9.000000	205.764506	0.462948	0.000000
201	2	160	159	10.000000	172.565262	0.292999	0.000000
202	1	161	160	9.000000	363.644567	0.399774	0.000000
203	2	158	159	9.000000	334.498905	0.445778	0.000000
204	1	162	158	23.000000	115.498289	0.610756	0.000000
205	1	161	162	24.000000	272.654181	0.595973	0.000000
206	1	162	163	10.000000	749.422165	0.393036	0.000000
207	2	157	164	13.000000	1025.407342	0.532019	0.000000
208	2	92	164	10.000000	578.117175	0.251524	0.000000
209	2	92	165	12.000000	321.027949	0.646151	0.000000
210	3	164	166	14.000000	210.143858	0.521077	0.000000
211	2	167	166	13.000000	231.111325	0.297000	0.000000
212	2	163	168	10.000000	220.169986	0.402091	0.000000
213	2	163	168	10.000000	247.891249	0.383242	0.000000
214	3	168	169	12.000000	130.230623	0.393036	0.000000
215	3	170	96	15.500000	710.434885	0.385943	0.000000
216	3	171	170	13.000000	251.226115	0.327360	0.000000
217	2	172	170	11.500000	463.119325	0.480711	0.000000
218	2	173	171	12.000000	257.064109	0.385965	0.000000
219	3	174	171	12.000000	187.963606	0.256276	0.000000
220	2	173	174	8.500000	87.986372	0.282384	0.000000
221	2	285	174	7.500000	1015.057106	0.229042	0.000000
222	1	175	173	10.000000	553.610596	0.355281	0.000000
223	1	176	172	12.000000	311.977730	0.446420	0.000000
224	1	176	109	19.500000	423.530180	0.580926	0.000000
225	1	177	176	20.000000	250.027022	0.559742	0.000000
226	1	177	178	9.000000	79.330218	0.455974	0.000000
227	1	178	179	8.500000	370.600822	0.436375	0.000000
228	1	179	180	10.000000	271.282326	0.478657	0.000000
229	1	181	177	21.500000	470.649579	0.543954	0.000000
230	1	181	182	7.000000	210.551302	0.376460	0.000000
231	1	182	183	6.000000	32.581225	0.404034	0.000000
232	1	182	184	7.000000	106.630033	0.349939	0.000000
233	1	184	185	7.000000	78.209946	0.402935	0.000000
234	1	175	181	20.500000	452.165061	0.527178	0.000000
235	2	183	186	6.000000	263.685138	0.179005	0.000000
236	2	183	186	10.000000	250.632548	0.468934	0.000000
237	2	184	187	6.000000	218.244192	0.249279	0.000000
238	1	178	188	10.000000	357.209203	0.470036	0.000000
239	2	188	189	8.000000	305.478354	0.491338	0.000000
240	1	188	190	7.000000	193.143173	0.438561	0.000000
241	2	190	191	7.000000	394.875343	0.236643	0.000000
242	2	190	191	7.500000	120.074188	0.517119	0.000000
243	2	179	199	7.000000	597.024688	0.327550	0.000000
244	2	180	192	10.000000	347.787883	0.529759	0.000000
245	3	112	192	17.000000	340.757356	0.478642	0.000000
246	2	114	112	17.000000	308.540003	0.525682	0.000000
247	2	180	200	9.000000	812.712071	0.357581	0.000000
248	3	191	193	9.500000	99.373577	0.438561	0.000000
249	3	193	194	20.000000	257.239012	0.459629	0.000000
250	3	199	193	18.000000	392.099673	0.467607	0.000000
251	3	194	189	28.000000	144.043961	0.435709	0.000000
252	3	189	187	26.500000	371.454007	0.443994	0.000000
253	3	187	195	26.500000	76.895648	0.433815	0.000000
254	3	195	196	26.500000	116.536358	0.434825	0.000000
255	3	196	197	25.000000	84.720019	0.426236	0.000000
256	3	202	196	13.000000	289.546489	0.411523	0.000000
257	2	185	198	7.000000	250.538038	0.334270	0.000000
258	2	185	195	7.000000	123.614856	0.452309	0.000000
259	3	192	199	19.000000	121.652515	0.500116	0.000000
260	3	121	200	14.500000	72.817747	0.695449	0.000000
261	3	200	201	16.500000	387.483893	0.617965	0.000000
262	3	201	194	22.500000	491.847934	0.417580	0.000000
263	3	207	201	18.000000	678.179085	0.312045	0.000000
264	2	203	202	12.000000	274.678060	0.448476	0.000000
265	1	204	203	10.500000	360.102727	0.402704	0.000000
266	1	204	205	7.000000	411.543107	0.193045	0.000000
267	2	206	202	7.000000	271.546669	0.353883	0.000000
268	3	208	207	12.000000	29.866069	0.307558	0.000000
269	3	209	208	12.000000	108.857652	0.354183	0.000000
270	2	203	208	9.500000	1069.331881	0.191107	0.000000
271	2	211	207	7.000000	716.858795	0.392514	0.000000
272	1	124	211	13.000000	133.580745	0.641426	0.000000
273	2	124	212	8.500000	342.162416	0.412939	0.000000
274	3	212	213	15.000000	578.060506	0.476755	0.000000
275	2	218	212	10.000000	586.407401	0.489606	0.000000
276	3	214	213	10.000000	43.938587	0.393946	0.000000
277	3	213	219	17.000000	531.905238	0.446726	0.000000
278	2	215	214	7.500000	169.348871	0.368948	0.000000
279	2	215	214	7.000000	117.624664	0.417758	0.000000
280	2	205	209	7.000000	678.921401	0.202316	0.000000
281	2	205	216	7.000000	891.817026	0.000000	0.000000
282	3	217	209	7.000000	102.243538	0.451771	0.000000
283	2	217	215	7.000000	50.334582	0.393946	0.000000
284	3	216	217	10.000000	317.789403	0.426276	0.000000
285	2	221	216	10.000000	410.954980	0.433761	0.000000
286	1	221	222	16.500000	525.991087	0.564287	0.000000
287	1	222	228	17.000000	82.541190	0.585415	0.000000
288	1	228	218	17.000000	331.260169	0.606535	0.000000
289	1	218	127	17.000000	177.553634	0.629528	0.000000
290	3	226	219	12.500000	212.714344	0.426989	0.000000
291	2	228	226	7.500000	410.975809	0.433705	0.000000
292	2	222	226	7.000000	290.391894	0.421440	0.000000
293	3	219	367	20.000000	853.367907	0.436890	0.000000
294	1	370	221	20.000000	767.473157	0.543314	0.000000
295	1	231	229	15.000000	526.519513	0.603383	0.000000
296	2	231	230	6.000000	595.583053	0.328366	0.000000
297	3	230	234	40.000000	661.538490	0.547047	0.000000
298	3	235	234	20.000000	98.117237	0.514027	0.000000
299	2	233	236	6.500000	371.279229	0.434561	0.000000
300	1	233	231	14.500000	191.243876	0.578897	0.000000
301	1	237	233	14.500000	358.079811	0.555753	0.000000
302	3	234	238	38.000000	368.765231	0.539300	0.000000
303	2	237	235	10.000000	1084.596496	0.426910	0.000000
304	3	239	235	20.000000	535.214111	0.547030	0.000000
305	2	153	239	11.000000	835.316760	0.320602	0.000000
306	2	243	239	17.000000	742.758500	0.566616	0.000000
307	2	240	238	9.000000	617.442602	0.445345	0.000000
308	1	240	241	14.000000	485.450200	0.503923	0.000000
309	1	242	240	14.000000	145.777126	0.486865	0.000000
310	1	241	243	13.000000	730.787668	0.530700	0.000000
311	2	241	244	6.000000	553.872156	0.244682	0.000000
312	3	238	236	38.000000	116.065125	0.532136	0.000000
313	1	243	153	12.000000	480.246631	0.310191	0.000000
314	3	244	245	11.000000	180.427404	0.294078	0.000000
315	3	245	246	15.000000	743.393798	0.412662	0.000000
316	2	253	244	7.000000	1000.460333	0.398838	0.000000
317	3	250	245	10.000000	545.043681	0.494389	0.000000
318	3	247	246	9.000000	98.833060	0.410903	0.000000
319	2	257	247	6.000000	517.049629	0.344600	0.000000
320	3	246	248	20.000000	193.624141	0.411864	0.000000
321	2	258	247	7.000000	349.885898	0.437226	0.000000
322	2	259	248	12.500000	434.566293	0.603754	0.000000
323	1	251	161	22.500000	351.436341	0.580367	0.000000
324	1	252	251	24.000000	231.575502	0.564331	0.000000
325	2	253	250	10.000000	121.868333	0.536443	0.000000
326	2	252	254	6.000000	533.525712	0.169992	0.000000
327	2	255	254	7.000000	273.996968	0.469015	0.000000
328	1	251	255	12.500000	198.156387	0.479968	0.000000
329	1	255	266	13.000000	965.302352	0.484848	0.000000
330	1	256	253	10.000000	103.598717	0.499436	0.000000
331	2	256	250	7.000000	152.077720	0.431222	0.000000
332	1	257	256	10.000000	157.016127	0.477104	0.000000
333	1	258	257	10.000000	82.823514	0.444509	0.000000
334	1	259	258	10.000000	30.270498	0.441723	0.000000
335	1	260	259	10.000000	37.239509	0.559351	0.000000
336	1	260	252	24.000000	269.524666	0.552181	0.000000
337	1	422	260	27.000000	635.486388	0.554253	0.000000
338	2	262	261	7.000000	548.350909	0.368242	0.000000
339	2	270	261	10.000000	435.188046	0.553641	0.000000
340	3	261	411	13.000000	557.962958	0.426938	0.000000
341	3	263	264	10.000000	232.768811	0.473654	0.000000
342	2	275	263	8.000000	229.854113	0.517529	0.000000
343	2	275	263	7.000000	391.933449	0.382163	0.000000
344	3	254	265	11.000000	238.010523	0.351689	0.000000
345	2	267	265	7.000000	262.633586	0.559155	0.000000
346	3	265	268	12.000000	70.001155	0.375166	0.000000
347	2	270	268	7.000000	188.495323	0.542463	0.000000
348	1	271	270	9.000000	247.652275	0.549409	0.000000
349	1	271	267	11.000000	91.819416	0.542627	0.000000
350	1	267	279	11.000000	739.426654	0.532122	0.000000
351	3	268	272	14.000000	484.675229	0.388515	0.000000
352	3	272	273	42.000000	330.570057	0.473420	0.000000
353	3	284	272	42.000000	516.630664	0.480540	0.000000
354	2	274	273	10.000000	315.027467	0.583171	0.000000
355	1	274	275	10.000000	69.115870	0.473654	0.000000
356	1	276	274	11.000000	463.078880	0.542049	0.000000
357	1	276	271	11.000000	212.829441	0.545613	0.000000
358	1	277	276	13.000000	166.310577	0.543848	0.000000
359	3	273	444	46.000000	518.339260	0.475855	0.000000
360	3	264	410	15.000000	279.795630	0.416250	0.000000
361	2	278	264	10.000000	355.946993	0.387354	0.000000
362	2	278	436	11.000000	587.019889	0.378472	0.000000
363	2	266	280	9.000000	167.723445	0.376576	0.000000
364	1	266	281	13.000000	96.287603	0.517099	0.000000
365	2	281	280	11.000000	70.478191	0.535264	0.000000
366	3	280	169	12.000000	282.190317	0.482152	0.000000
367	1	281	282	10.000000	258.358414	0.490731	0.000000
368	1	286	285	9.500000	123.609027	0.204316	0.000000
369	1	286	175	22.000000	307.730525	0.509386	0.000000
370	1	287	286	20.000000	128.821847	0.492287	0.000000
371	2	285	288	9.500000	322.177240	0.180081	0.000000
372	2	289	2995	6.500000	195.905034	0.209605	0.000000
373	1	289	287	20.000000	115.916638	0.477280	0.000000
374	2	287	290	7.000000	189.790300	0.392033	0.000000
375	1	291	289	20.000000	155.793843	0.460505	0.000000
376	1	999	291	35.000000	616.616664	0.500000	0.000000
377	1	291	324	35.000000	433.383565	0.509840	0.000000
378	3	186	290	11.000000	402.580081	0.404034	0.000000
379	1	292	293	10.000000	170.104894	0.500000	0.000000
380	1	293	294	10.000000	540.976432	0.464342	0.000000
381	2	293	295	9.500000	412.192767	0.529307	0.000000
382	2	294	306	10.000000	184.988110	0.534174	0.000000
383	1	297	298	20.000000	73.071338	0.500000	0.000000
384	1	298	299	16.000000	563.505538	0.506519	0.000000
385	1	299	331	16.000000	235.562093	0.526142	0.000000
386	1	298	300	16.000000	724.055137	0.492661	0.000000
387	1	300	301	15.000000	61.684691	0.518051	0.000000
388	2	300	302	8.500000	222.418444	0.357157	0.000000
389	2	301	447	12.000000	623.587035	0.446610	0.000000
390	1	301	303	15.500000	131.420682	0.545415	0.000000
391	2	299	304	7.000000	151.626175	0.412932	0.000000
392	2	330	304	7.000000	155.278764	0.301609	0.000000
393	3	304	305	10.000000	61.983877	0.393532	0.000000
394	2	294	305	13.000000	87.054015	0.361484	0.000000
395	3	2998	2996	65.000000	288.367651	0.485312	0.000000
396	2	2997	2998	21.000000	164.312092	0.392000	0.000000
397	3	295	2998	65.000000	311.119009	0.485675	0.000000
398	3	306	295	65.000000	134.591770	0.485441	0.000000
399	3	307	306	65.000000	169.018271	0.485312	0.000000
400	3	290	308	14.000000	71.320406	0.394325	0.000000
401	3	198	308	28.000000	310.122270	0.408585	0.000000
402	3	197	198	28.000000	188.572541	0.410153	0.000000
403	3	308	307	30.000000	299.017775	0.404660	0.000000
404	3	309	307	65.000000	34.120021	0.496667	0.000000
405	3	310	309	12.000000	36.272319	0.415307	0.000000
406	3	311	310	10.000000	76.838780	0.537262	0.000000
407	2	312	311	10.000000	170.630759	0.506858	0.000000
408	3	314	313	30.000000	84.257587	0.487675	0.000000
409	3	341	314	27.000000	686.137544	0.441968	0.000000
410	3	338	316	15.000000	348.607899	0.458005	0.000000
411	3	317	309	65.000000	451.362803	0.497972	0.000000
412	3	316	317	30.000000	46.124416	0.481809	0.000000
413	3	318	316	30.000000	73.647730	0.492168	0.000000
414	3	319	314	18.000000	54.501832	0.546684	0.000000
415	3	320	319	15.000000	81.103058	0.436943	0.000000
416	2	321	320	9.500000	152.475127	0.609525	0.000000
417	2	321	322	7.000000	69.990444	0.360499	0.000000
418	3	322	320	10.000000	115.400020	0.354001	0.000000
419	2	323	313	9.000000	258.502241	0.477692	0.000000
420	2	334	311	10.000000	168.986273	0.550501	0.000000
421	3	305	310	12.000000	89.677446	0.388471	0.000000
422	1	324	352	35.000000	1320.136319	0.520040	0.000000
423	1	324	325	13.500000	504.411065	0.352489	0.000000
424	1	326	321	7.500000	145.562878	0.549720	0.000000
425	2	327	319	15.000000	833.323240	0.590166	0.000000
426	1	327	326	10.000000	72.936719	0.474005	0.000000
427	1	326	328	10.000000	46.724861	0.353270	0.000000
428	2	328	329	11.500000	603.827728	0.363258	0.000000
429	2	328	302	8.500000	336.927681	0.000000	0.000000
430	1	995	327	16.000000	171.164379	0.565082	0.000000
431	1	995	330	9.000000	126.628863	0.501508	0.000000
432	2	331	322	7.000000	243.944691	0.352838	0.000000
433	1	331	995	16.000000	130.965616	0.549350	0.000000
434	1	312	332	10.500000	108.338499	0.670430	0.000000
435	1	334	312	10.500000	66.557893	0.621299	0.000000
436	1	323	334	10.000000	42.039936	0.592398	0.000000
437	1	330	323	10.000000	76.887297	0.552346	0.000000
438	2	332	318	9.500000	71.616240	0.686843	0.000000
439	2	332	335	10.000000	85.133158	0.652261	0.000000
440	3	335	318	30.000000	53.451246	0.489423	0.000000
441	3	313	335	30.000000	56.537205	0.487323	0.000000
442	2	325	197	7.000000	352.860998	0.318304	0.000000
443	3	359	317	65.000000	1671.686234	0.499988	0.000000
444	3	329	337	15.000000	273.100971	0.356202	0.000000
445	3	302	329	11.000000	144.087701	0.353986	0.000000
446	1	303	459	16.000000	381.601141	0.552865	0.000000
447	2	303	336	10.000000	218.720295	0.529626	0.000000
448	1	325	206	13.000000	274.270633	0.365309	0.000000
449	1	206	204	13.000000	74.676548	0.370403	0.000000
450	2	348	338	13.500000	665.624427	0.476133	0.000000
451	2	339	338	9.000000	652.374681	0.211936	0.000000
452	2	339	340	10.000000	216.583103	0.471551	0.000000
453	3	340	341	14.000000	314.121460	0.437109	0.000000
454	3	342	341	22.500000	318.845860	0.444170	0.000000
455	3	343	342	17.000000	339.826784	0.519919	0.000000
456	3	356	342	17.000000	606.407023	0.403048	0.000000
457	3	344	343	17.000000	227.653945	0.558799	0.000000
458	2	345	343	10.000000	271.161282	0.421938	0.000000
459	1	347	339	9.000000	122.789971	0.411727	0.000000
460	1	348	347	10.500000	156.745323	0.352217	0.000000
461	1	347	360	10.500000	916.340440	0.169502	0.000000
462	2	349	350	7.000000	461.641581	0.276414	0.000000
463	2	349	351	10.000000	453.587644	0.415418	0.000000
464	3	350	351	15.000000	97.283180	0.249825	0.000000
465	2	360	350	15.000000	317.109606	0.124667	0.000000
466	1	352	365	45.000000	989.599627	0.529556	0.000000
467	1	354	349	9.000000	69.060551	0.376697	0.000000
468	1	352	354	11.500000	63.478025	0.415698	0.000000
469	1	354	348	10.500000	199.877840	0.439247	0.000000
470	2	355	340	11.500000	537.867691	0.384567	0.000000
471	2	355	356	11.000000	252.355674	0.450106	0.000000
472	3	357	356	13.000000	64.221925	0.377432	0.000000
473	1	358	355	11.000000	76.928147	0.421272	0.000000
474	2	358	357	10.500000	290.357146	0.338016	0.000000
475	2	477	357	9.000000	238.211008	0.441080	0.000000
476	1	361	358	11.000000	781.806837	0.388926	0.000000
477	2	360	362	9.000000	561.176918	0.212340	0.000000
478	3	351	362	15.000000	267.253180	0.362616	0.000000
479	3	362	363	9.000000	47.476405	0.354314	0.000000
480	3	363	359	66.000000	300.144253	0.502636	0.000000
481	3	364	363	68.000000	261.952364	0.507966	0.000000
482	3	483	364	37.000000	1179.786112	0.528110	0.000000
483	1	371	361	17.000000	578.187554	0.491924	0.000000
484	1	361	492	15.000000	449.605273	0.519391	0.000000
485	3	375	364	66.000000	280.012068	0.505692	0.000000
486	2	366	359	9.000000	608.794048	0.377990	0.000000
487	2	368	367	10.000000	402.511988	0.483714	0.000000
488	1	366	368	21.000000	49.021729	0.525900	0.000000
489	1	365	366	21.000000	58.082961	0.508423	0.000000
490	1	365	371	45.000000	395.965763	0.534967	0.000000
491	1	368	370	21.000000	216.178546	0.537479	0.000000
492	1	370	237	15.000000	606.872029	0.527493	0.000000
493	2	374	373	7.000000	457.145023	0.253001	0.000000
494	3	376	375	38.000000	52.844032	0.495880	0.000000
495	3	373	376	38.000000	85.443776	0.507772	0.000000
496	3	367	376	18.000000	143.215330	0.461388	0.000000
497	3	377	375	59.000000	275.530629	0.509895	0.000000
498	3	378	377	20.000000	162.497297	0.657128	0.000000
499	3	379	378	19.000000	407.267199	0.639090	0.000000
500	3	380	379	11.000000	544.328596	0.516492	0.000000
501	2	394	380	9.500000	424.715921	0.504214	0.000000
502	2	381	379	12.000000	281.174945	0.725085	0.000000
503	2	381	378	11.500000	361.854819	0.696202	0.000000
504	3	382	377	58.000000	393.367756	0.505082	0.000000
505	1	383	381	12.000000	109.603628	0.712379	0.000000
506	1	383	384	11.000000	165.783015	0.632008	0.000000
507	1	390	383	14.000000	220.373605	0.685378	0.000000
508	1	371	374	41.000000	540.785998	0.542139	0.000000
509	3	236	373	38.000000	477.938723	0.528929	0.000000
510	1	374	385	38.000000	107.039984	0.549284	0.000000
511	1	385	242	14.500000	315.288934	0.462183	0.000000
512	1	242	386	8.500000	549.671270	0.375641	0.000000
513	3	387	382	22.000000	290.694134	0.567245	0.000000
514	3	388	387	20.000000	233.414492	0.562071	0.000000
515	3	402	382	56.000000	782.019859	0.488431	0.000000
516	2	384	387	12.500000	411.348165	0.658959	0.000000
517	2	384	389	7.500000	506.683836	0.117443	0.000000
518	2	390	391	10.000000	531.016486	0.483628	0.000000
519	3	389	388	15.000000	125.104792	0.505147	0.000000
520	3	391	389	15.000000	241.988007	0.513997	0.000000
521	2	392	391	10.000000	404.360469	0.525371	0.000000
522	1	393	390	13.000000	121.649702	0.651812	0.000000
523	1	393	394	11.000000	162.374627	0.554616	0.000000
524	1	395	393	17.500000	326.127889	0.625709	0.000000
525	1	392	395	18.000000	303.357131	0.607657	0.000000
526	1	395	396	9.000000	166.882393	0.525815	0.000000
527	1	394	397	8.000000	80.000000	0.596145	0.000000
528	1	397	398	10.000000	125.326027	0.630242	0.000000
529	2	400	388	15.000000	702.580970	0.570757	0.000000
530	1	385	399	38.000000	605.587372	0.558625	0.000000
531	1	399	422	32.000000	760.575688	0.543683	0.000000
532	1	399	400	26.000000	599.634723	0.571249	0.000000
533	2	386	403	7.000000	315.880797	0.092904	0.000000
534	2	386	403	10.000000	95.107925	0.422142	0.000000
535	3	403	402	11.000000	155.175798	0.375641	0.000000
536	3	404	402	54.000000	432.289616	0.491657	0.000000
537	3	248	404	20.000000	261.935141	0.544668	0.000000
538	3	412	404	53.000000	365.358856	0.482838	0.000000
539	1	400	405	24.000000	151.589956	0.571510	0.000000
540	1	405	406	22.000000	421.899492	0.583469	0.000000
541	1	406	407	21.000000	47.162734	0.591647	0.000000
542	1	406	408	18.000000	662.829023	0.571030	0.000000
543	1	408	392	18.000000	108.456401	0.590356	0.000000
544	2	408	409	7.000000	196.504684	0.422668	0.000000
545	2	396	409	10.000000	211.045613	0.490711	0.000000
546	1	405	413	12.000000	510.955065	0.528423	0.000000
547	3	411	410	15.000000	90.293931	0.480363	0.000000
548	2	413	414	13.000000	515.781310	0.000000	0.000000
549	2	413	415	17.000000	432.323220	0.529710	0.000000
550	2	416	415	10.000000	402.911023	0.508862	0.000000
551	3	414	434	8.000000	345.478606	0.381868	0.000000
552	2	417	418	11.000000	377.529456	0.559235	0.000000
553	2	416	414	10.000000	188.810554	0.398825	0.000000
554	1	417	416	10.000000	153.639005	0.466123	0.000000
555	1	419	417	10.000000	43.612161	0.524334	0.000000
556	1	423	419	11.000000	523.875468	0.488546	0.000000
557	2	419	420	8.000000	305.374637	0.407141	0.000000
558	3	418	420	54.000000	75.960684	0.479713	0.000000
559	3	420	421	52.000000	380.039736	0.478144	0.000000
560	3	410	421	18.000000	106.259735	0.459185	0.000000
561	2	262	411	9.500000	540.661883	0.514177	0.000000
562	1	423	262	8.000000	179.144792	0.470112	0.000000
563	1	422	423	12.000000	63.979996	0.481612	0.000000
564	3	421	412	50.000000	115.505905	0.476860	0.000000
565	1	407	424	21.000000	67.694715	0.609500	0.000000
566	1	424	425	20.000000	127.023116	0.625436	0.000000
567	1	425	520	20.000000	280.144532	0.637033	0.000000
568	3	415	412	17.000000	193.420045	0.528053	0.000000
569	1	425	426	9.000000	124.245979	0.579639	0.000000
570	1	407	427	10.500000	398.713915	0.471634	0.000000
571	2	427	428	7.000000	255.801277	0.283670	0.000000
572	2	424	428	7.000000	216.962939	0.460627	0.000000
573	3	428	429	9.000000	44.861139	0.423572	0.000000
574	3	429	430	10.000000	39.940437	0.521175	0.000000
575	3	430	431	12.000000	180.867376	0.517023	0.000000
576	2	426	429	9.000000	122.783223	0.624503	0.000000
577	2	426	430	8.500000	320.318923	0.502290	0.000000
578	3	431	432	23.000000	373.193853	0.571836	0.000000
579	1	427	433	12.000000	338.711990	0.510724	0.000000
580	2	433	435	9.000000	348.596163	0.561053	0.000000
581	3	437	418	54.000000	117.598019	0.477134	0.000000
582	3	434	437	25.000000	355.618040	0.495759	0.000000
583	3	438	434	25.000000	73.951617	0.499168	0.000000
584	3	435	438	25.000000	203.508189	0.533889	0.000000
585	3	439	435	25.000000	76.704168	0.530950	0.000000
586	3	432	439	24.000000	381.717295	0.546810	0.000000
587	3	440	432	18.000000	479.248784	0.456543	0.000000
588	3	441	440	9.500000	122.884989	0.480780	0.000000
589	2	442	441	10.000000	169.440392	0.481565	0.000000
590	1	433	442	10.000000	369.902182	0.421745	0.000000
591	3	446	439	12.000000	805.035613	0.425054	0.000000
592	2	442	446	10.000000	612.170271	0.231262	0.000000
593	3	445	438	11.000000	764.951806	0.361309	0.000000
594	3	436	437	52.000000	466.842808	0.470193	0.000000
595	3	444	436	46.000000	48.897901	0.472564	0.000000
596	2	448	447	15.000000	138.288890	0.431000	0.000000
597	3	447	449	15.000000	199.276144	0.439057	0.000000
598	3	449	450	22.500000	169.088887	0.439549	0.000000
599	3	336	449	20.000000	382.531270	0.440068	0.000000
600	3	337	336	16.000000	59.396970	0.365203	0.000000
601	2	451	337	10.000000	352.383008	0.442553	0.000000
602	1	451	452	9.500000	197.230934	0.424869	0.000000
603	2	452	989	9.000000	45.620086	0.456535	0.000000
604	2	452	453	9.000000	219.096955	0.382647	0.000000
605	1	460	451	9.500000	73.721413	0.434309	0.000000
606	3	457	456	28.000000	608.287416	0.527583	0.000000
607	2	460	457	10.000000	453.855357	0.561848	0.000000
608	3	461	457	26.000000	127.739758	0.519568	0.000000
609	3	462	461	26.000000	174.087538	0.503169	0.000000
610	3	463	462	21.000000	264.880134	0.479634	0.000000
611	2	464	461	6.500000	138.178959	0.607027	0.000000
612	2	464	462	10.500000	423.205330	0.563107	0.000000
613	1	459	460	9.500000	128.918249	0.515759	0.000000
614	1	459	465	13.500000	276.562724	0.569151	0.000000
615	1	465	464	11.000000	69.088437	0.580649	0.000000
616	1	465	466	13.000000	154.226821	0.558799	0.000000
617	2	466	344	13.000000	579.501103	0.589354	0.000000
618	2	466	344	7.000000	646.240068	0.311760	0.000000
619	2	467	463	8.500000	444.100755	0.532387	0.000000
620	1	468	467	12.000000	236.260427	0.500000	0.000000
621	1	467	469	9.000000	415.145469	0.456144	0.000000
622	2	345	470	11.000000	674.606384	0.396303	0.000000
623	2	471	470	10.000000	291.386074	0.164735	0.000000
624	2	471	472	15.000000	458.866573	0.501317	0.000000
625	3	470	472	15.000000	243.655489	0.380532	0.000000
626	3	472	463	21.000000	259.757197	0.426234	0.000000
627	2	469	473	11.000000	903.490932	0.517396	0.000000
628	3	474	473	13.500000	403.609593	0.516550	0.000000
629	2	469	475	10.000000	270.245370	0.283517	0.000000
630	3	475	474	14.000000	408.980931	0.481633	0.000000
631	2	476	475	11.500000	578.345490	0.500000	0.000000
632	1	477	345	12.000000	653.660775	0.409128	0.000000
633	1	482	477	12.000000	674.262726	0.423361	0.000000
634	1	478	471	12.000000	603.875460	0.467447	0.000000
635	1	479	478	15.000000	155.288766	0.517634	0.000000
636	1	484	479	18.000000	820.726137	0.623088	0.000000
637	2	478	480	15.000000	620.309102	0.541027	0.000000
638	2	479	481	20.000000	466.282253	0.648620	0.000000
639	3	473	480	18.000000	94.549638	0.516741	0.000000
640	3	480	481	18.000000	42.751569	0.523285	0.000000
641	3	481	555	32.000000	424.183433	0.600998	0.000000
642	1	482	485	16.000000	412.096096	0.575746	0.000000
643	2	485	486	9.000000	236.131741	0.462954	0.000000
644	1	485	484	15.000000	70.734256	0.600420	0.000000
645	2	484	487	6.500000	238.083381	0.336644	0.000000
646	3	486	488	23.000000	158.310835	0.400975	0.000000
647	2	496	488	10.000000	514.329849	0.387915	0.000000
648	3	483	486	20.000000	736.787837	0.275165	0.000000
649	3	501	483	32.000000	591.896104	0.517162	0.000000
650	3	488	487	23.000000	39.936454	0.398763	0.000000
651	3	491	490	19.000000	131.630009	0.482926	0.000000
652	3	489	491	10.000000	643.396094	0.400487	0.000000
653	3	487	490	24.000000	421.625246	0.388353	0.000000
654	1	492	482	17.000000	389.182305	0.546985	0.000000
655	1	492	493	12.000000	236.841767	0.430467	0.000000
656	1	493	494	8.500000	633.121134	0.313117	0.000000
657	1	493	495	12.500000	81.896593	0.464786	0.000000
658	1	495	496	7.000000	475.040342	0.355160	0.000000
659	1	495	497	13.000000	670.888209	0.492461	0.000000
660	1	497	498	13.500000	72.916216	0.512688	0.000000
661	1	498	499	13.500000	145.096978	0.530620	0.000000
662	2	499	500	11.000000	503.248632	0.554756	0.000000
663	3	500	564	15.000000	239.772880	0.503629	0.000000
664	2	398	380	10.000000	353.311394	0.555945	0.000000
665	2	494	501	7.000000	192.842194	0.363538	0.000000
666	2	494	503	6.500000	358.264716	0.211315	0.000000
667	3	503	501	32.000000	288.951183	0.521641	0.000000
668	3	509	503	33.000000	388.019134	0.526189	0.000000
669	3	504	505	11.500000	213.172451	0.439126	0.000000
670	2	497	504	7.000000	206.981013	0.425947	0.000000
671	2	498	504	7.000000	227.672657	0.455839	0.000000
672	2	496	489	6.500000	277.380859	0.000000	0.000000
673	2	499	489	7.000000	256.211786	0.458743	0.000000
674	2	398	506	10.000000	438.702133	0.673792	0.000000
675	2	397	507	7.000000	408.044719	0.518864	0.000000
676	2	396	507	9.000000	488.160259	0.557471	0.000000
677	3	507	506	12.000000	52.376639	0.546667	0.000000
678	3	506	508	13.000000	307.104503	0.582982	0.000000
679	3	508	509	30.000000	316.162705	0.533884	0.000000
680	3	505	509	22.000000	309.576048	0.487531	0.000000
681	3	510	505	22.000000	445.723035	0.508617	0.000000
682	3	511	510	16.000000	151.708359	0.610370	0.000000
683	3	512	508	27.000000	310.587299	0.528788	0.000000
684	3	519	512	27.000000	733.844297	0.500731	0.000000
685	3	513	512	17.000000	56.842388	0.570648	0.000000
686	3	517	513	15.000000	575.957333	0.539440	0.000000
687	2	518	513	11.500000	206.470452	0.727477	0.000000
688	1	518	515	10.000000	306.569842	0.560713	0.000000
689	1	515	516	9.500000	247.690709	0.610370	0.000000
690	2	516	511	9.500000	275.993832	0.399714	0.000000
691	2	516	511	15.000000	319.452834	0.653961	0.000000
692	1	520	521	19.000000	249.041969	0.647054	0.000000
693	1	521	522	17.000000	431.121545	0.662102	0.000000
694	1	521	523	11.000000	415.340603	0.602839	0.000000
695	1	523	524	9.000000	484.489788	0.492929	0.000000
696	1	523	525	11.000000	163.828076	0.643553	0.000000
697	1	525	518	10.000000	65.610456	0.682843	0.000000
698	2	520	517	10.500000	336.044850	0.607382	0.000000
699	2	524	526	7.000000	191.991506	0.390948	0.000000
700	2	524	527	9.000000	186.750030	0.536508	0.000000
701	2	525	528	7.000000	459.362109	0.410506	0.000000
702	2	515	519	7.500000	344.364472	0.379977	0.000000
703	3	529	519	24.000000	62.019593	0.501799	0.000000
704	3	530	529	22.000000	68.824616	0.572220	0.000000
705	2	531	530	13.000000	156.216849	0.519134	0.000000
706	3	528	530	18.000000	237.764685	0.621303	0.000000
707	3	527	528	18.000000	171.732216	0.642806	0.000000
708	3	526	527	19.000000	292.400025	0.666696	0.000000
709	3	409	517	12.000000	294.797762	0.445932	0.000000
710	3	541	431	21.000000	1000.071409	0.659599	0.000000
711	1	522	532	15.000000	698.184227	0.661656	0.000000
712	1	532	533	13.000000	393.125755	0.689849	0.000000
713	2	533	986	12.000000	210.197292	0.680594	0.000000
714	1	522	534	15.000000	324.577219	0.662545	0.000000
715	1	534	535	11.000000	178.801203	0.672787	0.000000
716	1	534	536	11.000000	157.956615	0.650519	0.000000
717	2	533	526	15.000000	449.169041	0.695994	0.000000
718	2	531	986	13.000000	786.958142	0.000000	0.000000
719	3	986	985	12.000000	102.913215	0.630424	0.000000
720	2	532	537	9.000000	248.278907	0.479823	0.000000
721	2	536	537	7.000000	262.131874	0.375850	0.000000
722	2	536	538	10.000000	82.880225	0.688528	0.000000
723	2	535	540	8.500000	483.380676	0.518133	0.000000
724	2	535	538	11.000000	45.623563	0.712714	0.000000
725	3	538	539	15.000000	281.090167	0.700986	0.000000
726	3	537	539	10.000000	383.330141	0.449092	0.000000
727	2	542	440	10.000000	637.491723	0.237599	0.000000
728	3	541	546	13.000000	437.822894	0.548639	0.000000
729	3	545	543	13.000000	394.162194	0.533720	0.000000
730	3	540	541	21.000000	1115.401427	0.641058	0.000000
731	3	539	540	15.000000	118.194711	0.654381	0.000000
732	3	490	563	24.000000	308.447211	0.418132	0.000000
733	2	542	546	13.000000	84.518668	0.577550	0.000000
734	3	546	545	13.000000	154.367751	0.570724	0.000000
735	3	545	547	11.000000	175.395173	0.602443	0.000000
736	3	474	548	10.000000	134.282332	0.321244	0.000000
737	1	550	549	15.000000	254.570448	0.511000	0.000000
738	1	549	551	13.000000	49.043174	0.543976	0.000000
739	2	552	548	15.000000	127.117559	0.377000	0.000000
740	3	548	553	13.000000	246.275885	0.366411	0.000000
741	2	551	553	11.000000	139.713994	0.584979	0.000000
742	2	549	554	10.000000	604.070458	0.306927	0.000000
743	3	556	561	14.500000	538.428170	0.456957	0.000000
744	2	557	556	12.000000	119.589296	0.500000	0.000000
745	3	554	556	10.000000	116.392748	0.274657	0.000000
746	3	558	562	32.000000	141.822241	0.511166	0.000000
747	3	563	558	23.000000	560.591101	0.406998	0.000000
748	3	555	558	28.000000	349.558334	0.555486	0.000000
749	3	559	555	20.000000	260.728119	0.468399	0.000000
750	3	553	559	18.500000	172.886555	0.461639	0.000000
751	2	560	554	8.500000	465.966048	0.129314	0.000000
752	2	560	559	9.500000	134.082085	0.502766	0.000000
753	1	551	560	11.000000	187.627818	0.462859	0.000000
754	3	564	491	14.000000	146.648041	0.506550	0.000000
755	3	564	565	6.500000	270.394360	0.000000	0.000000
756	2	566	500	9.500000	258.398564	0.357566	0.000000
757	3	562	992	28.000000	159.970907	0.501245	0.000000
758	3	568	562	16.500000	109.039470	0.441156	0.000000
759	3	565	563	10.000000	116.385701	0.317049	0.000000
760	3	569	565	9.000000	152.032784	0.320726	0.000000
761	2	566	569	9.000000	422.175000	0.117631	0.000000
762	2	570	568	8.000000	288.842937	0.357247	0.000000
763	2	571	568	11.000000	301.639936	0.460196	0.000000
764	2	570	569	8.000000	108.945475	0.344551	0.000000
765	1	571	570	9.000000	169.108269	0.351053	0.000000
766	1	572	571	12.000000	928.114401	0.426685	0.000000
767	2	573	576	12.000000	1630.264661	0.339936	0.000000
768	2	574	510	19.000000	794.659610	0.494114	0.000000
769	1	574	566	11.500000	340.491264	0.317363	0.000000
770	1	984	572	14.000000	217.528110	0.413000	0.000000
771	1	572	573	13.500000	662.016558	0.399280	0.000000
772	1	575	574	13.000000	989.567507	0.462363	0.000000
773	1	573	575	12.000000	615.830515	0.433473	0.000000
774	2	575	576	8.000000	701.768752	0.089284	0.000000
775	3	576	578	13.000000	318.429421	0.310241	0.000000
776	3	578	529	13.000000	343.148526	0.420078	0.000000
777	2	579	578	11.000000	322.668732	0.500000	0.000000
778	1	580	531	11.500000	295.305784	0.500000	0.000000
779	3	166	1011	17.000000	1262.209152	0.428530	0.000000
780	3	169	1002	15.000000	849.509399	0.445670	0.000000
781	2	282	1004	9.000000	705.545980	0.464613	0.000000
782	2	282	1004	11.000000	886.057628	0.507595	0.000000
783	3	1004	1002	15.000000	38.726312	0.490731	0.000000
784	2	279	1006	9.000000	624.609046	0.485675	0.000000
785	2	279	1007	9.000000	461.491196	0.564471	0.000000
786	3	1008	1007	15.000000	124.159466	0.519641	0.000000
787	3	1006	1008	15.000000	202.459268	0.523451	0.000000
788	3	1009	1006	12.500000	129.631082	0.532245	0.000000
789	2	1012	1008	7.000000	458.127992	0.391224	0.000000
790	3	1007	1010	15.000000	102.925824	0.528985	0.000000
791	3	1002	1013	20.000000	530.279197	0.455270	0.000000
792	3	1014	1011	27.500000	244.297680	0.444333	0.000000
793	2	1015	1014	28.000000	248.191867	0.405000	0.000000
794	3	1011	1016	28.000000	178.802055	0.434575	0.000000
795	2	1017	1014	14.000000	302.417924	0.523000	0.000000
796	2	2994	1018	9.500000	103.035516	0.332000	0.000000
797	3	1016	1013	28.000000	158.028496	0.431466	0.000000
798	3	1018	1016	10.000000	202.509647	0.416020	0.000000
799	3	1013	1033	29.000000	660.752698	0.438619	0.000000
800	2	1019	1009	11.000000	658.716724	0.520462	0.000000
801	2	1020	1009	10.000000	502.262009	0.551441	0.000000
802	1	1038	1019	10.000000	361.017274	0.525644	0.000000
803	1	1019	1020	10.000000	100.363300	0.531283	0.000000
804	1	1020	1021	7.000000	412.716872	0.490732	0.000000
805	1	1021	1012	7.000000	46.931423	0.455819	0.000000
806	2	1021	1022	7.000000	106.241821	0.520054	0.000000
807	2	1012	1022	7.000000	150.802827	0.503328	0.000000
808	3	1022	1023	9.000000	108.738548	0.514599	0.000000
809	3	1023	1024	35.000000	183.318136	0.470181	0.000000
810	3	1025	1023	33.000000	413.827128	0.469896	0.000000
811	3	1026	1025	34.000000	113.346639	0.459056	0.000000
812	3	1034	1026	34.000000	248.580925	0.454280	0.000000
813	2	1035	1026	8.500000	231.093945	0.698779	0.000000
814	2	1036	1025	10.000000	238.053278	0.690497	0.000000
815	3	1024	1010	42.000000	620.280140	0.490195	0.000000
816	3	1030	1018	12.500000	330.336866	0.561146	0.000000
817	2	1031	1030	10.500000	383.829676	0.593892	0.000000
818	3	1032	1030	12.000000	160.239008	0.548027	0.000000
819	2	1031	1032	10.000000	230.074542	0.582222	0.000000
820	2	1045	1032	10.000000	377.802402	0.528994	0.000000
821	1	1036	1035	8.000000	60.367195	0.729469	0.000000
822	1	1038	1036	8.000000	57.693137	0.708553	0.000000
823	1	1039	1038	10.000000	62.378377	0.641964	0.000000
824	2	1035	1040	8.000000	82.520900	0.755668	0.000000
825	3	1040	1034	10.000000	84.644985	0.599155	0.000000
826	3	1033	1034	32.000000	149.781381	0.448080	0.000000
827	3	1041	1033	11.000000	248.447191	0.521977	0.000000
828	2	1042	1040	10.000000	368.502581	0.392722	0.000000
829	1	1039	1046	21.000000	760.244480	0.583398	0.000000
830	1	1042	1043	10.000000	50.172505	0.557915	0.000000
831	1	1043	1044	10.000000	50.442388	0.582724	0.000000
832	1	1043	1086	9.000000	162.408506	0.520892	0.000000
833	1	1044	1047	9.000000	255.239381	0.490031	0.000000
834	1	1044	1087	11.000000	186.116892	0.623010	0.000000
835	1	1075	1039	21.000000	285.386734	0.607599	0.000000
836	1	1076	1042	10.000000	443.598598	0.502994	0.000000
837	1	1045	1031	9.500000	148.072905	0.588389	0.000000
838	1	1048	1045	9.500000	203.744116	0.561146	0.000000
839	1	1046	1048	21.000000	40.379336	0.592131	0.000000
840	2	1048	1049	21.000000	350.833954	0.601101	0.000000
841	2	1046	1041	9.000000	347.271495	0.552312	0.000000
842	2	2993	1041	9.000000	513.095036	0.500000	0.000000
843	2	1050	1052	11.000000	109.354889	0.500000	0.000000
844	3	1052	1053	12.000000	44.911585	0.495892	0.000000
845	2	1047	1052	7.000000	412.078636	0.379946	0.000000
846	2	277	1055	6.000000	631.682816	0.257962	0.000000
847	1	1056	277	13.000000	115.781722	0.514813	0.000000
848	2	1056	1055	7.000000	468.147289	0.361231	0.000000
849	1	1057	1056	13.000000	626.898463	0.486460	0.000000
850	1	1061	278	10.500000	903.628421	0.382721	0.000000
851	1	1061	1057	22.000000	50.507137	0.538848	0.000000
852	1	1057	1062	20.000000	288.742967	0.554957	0.000000
853	3	1064	284	41.000000	279.653255	0.484526	0.000000
854	2	1062	284	6.000000	521.388599	0.293169	0.000000
855	2	1071	1064	6.000000	457.249853	0.370291	0.000000
856	3	1065	1064	42.000000	39.798990	0.486896	0.000000
857	3	1055	1065	8.000000	114.733720	0.329252	0.000000
858	3	1010	1065	42.000000	140.436217	0.491815	0.000000
859	1	1062	1066	23.000000	123.872081	0.571376	0.000000
860	3	1068	444	12.000000	789.938763	0.444444	0.000000
861	3	445	1068	13.000000	275.680482	0.078088	0.000000
862	3	1070	445	12.000000	70.328776	0.324442	0.000000
863	3	1103	1070	13.000000	375.732128	0.335003	0.000000
864	2	1198	1070	10.000000	441.314564	0.302000	0.000000
865	2	1197	1068	12.000000	432.287575	0.488195	0.000000
866	1	1197	1081	18.000000	1060.168536	0.510967	0.000000
867	1	1196	1061	21.000000	801.027601	0.520521	0.000000
868	1	1196	1197	18.000000	112.707292	0.503422	0.000000
869	1	1110	1196	25.000000	155.358166	0.513668	0.000000
870	1	1066	1072	8.000000	58.145537	0.523048	0.000000
871	1	1072	1073	8.000000	126.848359	0.531429	0.000000
872	1	1066	1071	20.000000	86.245595	0.582191	0.000000
873	1	1071	1075	20.000000	1137.730757	0.598957	0.000000
874	2	1073	1074	7.000000	426.209022	0.501865	0.000000
875	2	1073	1074	8.000000	427.554552	0.552538	0.000000
876	2	1072	2992	10.000000	795.689798	0.516464	0.000000
877	3	1078	1024	31.000000	765.129307	0.527541	0.000000
878	3	1079	1078	16.000000	761.502894	0.536035	0.000000
879	3	1074	1079	11.000000	163.017102	0.531429	0.000000
880	2	1080	1079	10.000000	422.407994	0.537965	0.000000
881	2	1081	1077	9.000000	232.166640	0.389184	0.000000
882	1	1080	1095	20.000000	669.213113	0.528761	0.000000
883	1	1081	1080	18.500000	355.155891	0.531698	0.000000
884	1	1075	1076	10.000000	127.032086	0.571371	0.000000
885	2	1076	1084	7.000000	139.540308	0.634008	0.000000
886	2	1086	1088	8.000000	51.720252	0.576867	0.000000
887	2	1087	1088	10.000000	42.625862	0.618433	0.000000
888	2	1087	1089	12.000000	60.210042	0.626437	0.000000
889	2	1047	1089	7.000000	39.215478	0.548526	0.000000
890	2	1086	1084	11.000000	464.755759	0.465222	0.000000
891	3	1088	1090	10.000000	77.479410	0.596477	0.000000
892	3	1089	1090	11.000000	131.109625	0.600595	0.000000
893	3	1090	1091	12.000000	137.639059	0.598475	0.000000
894	3	1053	1091	30.000000	397.963417	0.498599	0.000000
895	3	1084	1093	13.000000	113.357694	0.615519	0.000000
896	3	1091	1093	30.000000	471.817694	0.510593	0.000000
897	3	1093	1094	30.000000	161.034319	0.534787	0.000000
898	3	1094	1078	34.000000	262.147981	0.524056	0.000000
899	2	1099	1094	29.000000	1481.717479	0.500000	0.000000
900	2	1095	990	10.500000	132.116790	0.502292	0.000000
901	2	1097	1096	12.000000	288.057085	0.538823	0.000000
902	1	1095	1097	21.000000	475.006786	0.537584	0.000000
903	2	1097	1100	21.000000	956.531298	0.536964	0.000000
904	2	1098	1053	29.000000	495.232978	0.500000	0.000000
905	2	1105	446	7.000000	265.875287	0.449557	0.000000
906	2	1107	441	12.000000	591.837274	0.480483	0.000000
907	1	1107	542	13.000000	847.459576	0.543664	0.000000
908	1	1105	1107	12.000000	492.241187	0.518686	0.000000
909	1	1102	1105	12.500000	246.550635	0.500000	0.000000
910	2	1111	1103	8.500000	179.763427	0.240729	0.000000
911	2	1111	1103	12.000000	281.768117	0.377601	0.000000
912	1	1110	1111	7.000000	63.781614	0.335003	0.000000
913	1	1109	1110	25.000000	286.816847	0.500000	0.000000
65
INOD  IPRFL  PR/FL  HEMAT  IPRFL=0 FOR PRESSURE, 1 FOR FLOW B.C.
999	2	800.000000	0.500000
1109	2	100.000000	0.500000
1102	2	15.000000	0.500000
984	2	25.299999	0.413000
550	2	10.000000	0.511000
476	2	7.200000	0.500000
468	2	6.000000	0.500000
292	2	8.000000	0.500000
994	2	24.000000	0.500000
19	2	9.000000	0.452000
993	2	14.000000	0.404000
2995	2	-10.000000	0.280000
288	2	-3.600000	0.293000
985	2	-3.600000	0.812000
82	2	-3.600000	0.710000
86	2	-3.600000	0.188000
88	2	-3.600000	0.253000
165	2	-3.600000	0.434000
13	2	-2.600000	0.122000
2992	2	-3.600000	0.108000
1077	2	-3.600000	0.087000
990	2	-3.600000	0.334000
1096	2	-3.600000	0.388000
543	2	-3.600000	0.598000
16	2	-3.600000	0.418000
12	2	-0.600000	0.507000
9	2	-0.300000	0.766000
453	2	-0.300000	0.428000
989	2	-0.400000	0.472000
2993	2	3.600000	0.500000
1050	2	3.600000	0.500000
2994	2	3.600000	0.332000
1017	2	3.600000	0.523000
2996	0	13.800000	0.600000
561	2	-8.900000	0.628000
992	2	-76.000000	0.493000
456	2	-14.000000	0.615000
450	2	-29.000000	0.580000
25	2	-23.900000	0.572000
3	2	-54.299999	0.579000
106	2	-39.799999	0.390000
1198	2	3.600000	0.302000
297	2	70.000000	0.500000
552	2	6.000000	0.377000
988	2	-3.600000	0.315000
987	2	3.600000	0.343000
32	2	-7.200000	0.584000
33	2	-7.200000	0.453000
91	2	-7.200000	0.498000
1049	2	-7.200000	0.718000
1100	2	-7.200000	0.742000
547	2	-4.200000	0.325000
18	2	-7.200000	0.545000
63	2	-7.200000	0.418000
2997	2	3.200000	0.392000
579	2	7.200000	0.500000
580	2	7.200000	0.500000
75	2	7.200000	0.500000
1015	2	7.200000	0.405000
167	2	7.200000	0.297000
1099	2	7.200000	0.500000
1098	2	7.200000	0.500000
557	2	7.200000	0.500000
448	2	7.200000	0.431000
94	2	1.800000	0.500000
