RAT MESENTERY  02-12-13
CAM_subNet



SEGMENT NAME   TYPE   FROM  TO    DIAM   LENGTH  HDmes  VELmes
7422	1	4956	4955	114.770000	287.250000	0.000000	0.000000
7421	1	4955	4953	121.420000	97.530000	0.000000	0.000000
7445	1	4955	4980	23.640000	159.350000	0.000000	0.000000
7420	1	4953	4954	105.610000	187.000000	0.000000	0.000000
7491	1	4953	5000	81.460000	111.580000	0.000000	0.000000
7446	1	4980	4981	9.000000	37.940000	0.000000	0.000000
7447	1	4980	4982	22.800000	106.550000	0.000000	0.000000
7450	1	4954	4985	13.340000	108.610000	0.000000	0.000000
7495	1	4954	5002	104.370000	70.460000	0.000000	0.000000
7418	1	5000	4951	84.930000	147.630000	0.000000	0.000000
7492	1	5000	5001	9.000000	79.690000	0.000000	0.000000
7454	2	4981	4987	9.000000	69.770000	0.000000	0.000000
7448	1	4982	4983	9.000000	32.390000	0.000000	0.000000
7466	1	4982	4991	11.000000	67.500000	0.000000	0.000000
7456	1	4985	4989	11.480000	23.040000	0.000000	0.000000
7457	1	4985	4990	9.000000	41.230000	0.000000	0.000000
7419	1	5002	4850	101.890000	151.080000	0.000000	0.000000
7496	1	5002	5003	9.000000	58.100000	0.000000	0.000000
7416	1	4951	4457	81.480000	78.340000	0.000000	0.000000
7417	1	4951	4952	13.340000	113.050000	0.000000	0.000000
7493	2	5001	4960	12.280000	112.630000	0.000000	0.000000
7452	3	4987	4976	9.000000	23.150000	0.000000	0.000000
7465	2	4983	4984	9.000000	93.450000	0.000000	0.000000
7470	2	4991	4993	10.000000	88.960000	0.000000	0.000000
7461	2	4989	4988	10.455000	72.740000	0.000000	0.000000
7458	2	4990	4978	10.160000	112.300000	0.000000	0.000000
7256	1	4850	4849	101.130000	49.660000	0.000000	0.000000
7262	1	4850	4856	18.870000	103.470000	0.000000	0.000000
7502	2	5003	5005	9.000000	62.990000	0.000000	0.000000
6659	1	4457	4458	29.530000	182.760000	0.000000	0.000000
6761	1	4457	4522	82.270000	59.090000	0.000000	0.000000
7426	3	4960	4959	15.560000	92.960000	0.000000	0.000000
7441	3	4976	4975	13.340000	131.840000	0.000000	0.000000
7449	3	4984	4975	9.000000	30.910000	0.000000	0.000000
7468	3	4993	4992	9.000000	35.880000	0.000000	0.000000
7453	3	4988	4976	9.430000	39.340000	0.000000	0.000000
7444	3	4978	4977	11.320000	90.520000	0.000000	0.000000
7255	1	4849	4843	103.430000	455.580000	0.000000	0.000000
7257	1	4849	4851	59.250000	99.460000	0.000000	0.000000
7263	1	4856	4857	14.370000	59.670000	0.000000	0.000000
7264	1	4856	4858	11.320000	78.590000	0.000000	0.000000
7498	3	5005	4961	9.000000	19.000000	0.000000	0.000000
6699	1	4522	4498	78.480000	87.090000	0.000000	0.000000
6762	1	4522	4523	14.740000	88.180000	0.000000	0.000000
7425	3	4959	4958	15.560000	63.750000	0.000000	0.000000
7440	3	4975	4971	20.410000	78.580000	0.000000	0.000000
7433	3	4992	4965	34.790000	57.630000	0.000000	0.000000
7443	3	4977	4971	14.370000	86.840000	0.000000	0.000000
7246	1	4843	4842	98.730000	193.020000	0.000000	0.000000
7247	1	4843	4839	62.260000	82.370000	0.000000	0.000000
7258	1	4851	4852	15.090000	123.970000	0.000000	0.000000
7259	1	4851	4853	59.220000	110.360000	0.000000	0.000000
7500	2	4857	5004	11.995000	82.070000	0.000000	0.000000
7265	1	4858	4859	11.320000	93.630000	0.000000	0.000000
7266	1	4858	4860	9.000000	36.000000	0.000000	0.000000
7427	3	4961	4959	11.930000	80.910000	0.000000	0.000000
6658	1	4498	4420	79.630000	59.170000	0.000000	0.000000
6700	1	4498	4499	11.930000	72.470000	0.000000	0.000000
6763	1	4523	4524	9.000000	49.450000	0.000000	0.000000
6764	1	4523	4525	10.670000	70.460000	0.000000	0.000000
7424	3	4958	3968	26.480000	142.170000	0.000000	0.000000
7436	3	4971	4968	24.530000	104.230000	0.000000	0.000000
7245	1	4842	4840	101.760000	30.000000	0.000000	0.000000
7315	1	4842	4897	16.980000	81.900000	0.000000	0.000000
7242	1	4839	4837	60.500000	48.050000	0.000000	0.000000
7248	1	4839	4844	13.610000	109.250000	0.000000	0.000000
7362	1	4852	4927	11.000000	77.660000	0.000000	0.000000
7369	1	4852	4930	9.000000	28.520000	0.000000	0.000000
7260	1	4853	4854	57.880000	33.280000	0.000000	0.000000
7261	1	4853	4855	17.090000	104.040000	0.000000	0.000000
7497	3	5004	4961	9.620000	43.470000	0.000000	0.000000
7283	2	4859	4869	10.160000	94.270000	0.000000	0.000000
7281	2	4860	4861	9.215000	114.920000	0.000000	0.000000
6610	1	4420	3964	32.300000	158.170000	0.000000	0.000000
6611	1	4420	4528	83.020000	102.620000	0.000000	0.000000
6769	2	4524	4521	12.940000	97.090000	0.000000	0.000000
7483	2	4525	4962	9.835000	93.470000	0.000000	0.000000
5915	3	3968	3967	37.210000	179.490000	0.000000	0.000000
7467	3	4968	4992	28.740000	72.950000	0.000000	0.000000
7243	1	4840	4736	102.510000	79.000000	0.000000	0.000000
7244	1	4840	4841	11.320000	101.310000	0.000000	0.000000
7317	1	4897	4898	7.780000	44.420000	0.000000	0.000000
7319	1	4897	4900	15.090000	85.230000	0.000000	0.000000
5766	1	4837	3872	59.250000	174.150000	0.000000	0.000000
7241	1	4837	4838	7.550000	50.570000	0.000000	0.000000
7249	1	4844	3981	14.370000	72.200000	0.000000	0.000000
7254	1	4844	4848	9.000000	31.380000	0.000000	0.000000
7364	2	4927	4908	11.240000	87.990000	0.000000	0.000000
7371	2	4930	4928	9.215000	60.050000	0.000000	0.000000
7285	1	4854	4979	13.210000	149.290000	0.000000	0.000000
7286	1	4854	4870	57.720000	73.460000	0.000000	0.000000
7297	1	4855	4912	20.840000	183.800000	0.000000	0.000000
7368	1	4855	4929	9.000000	20.180000	0.000000	0.000000
7280	3	4869	4868	9.000000	26.260000	0.000000	0.000000
7253	3	4861	4845	9.430000	52.160000	0.000000	0.000000
5911	1	3964	3966	19.430000	98.490000	0.000000	0.000000
5932	1	3964	3977	35.450000	147.080000	0.000000	0.000000
6771	1	4528	4421	73.580000	91.620000	0.000000	0.000000
6772	1	4528	4529	9.000000	73.270000	0.000000	0.000000
6759	3	4521	4520	16.880000	89.450000	0.000000	0.000000
7428	3	4962	4958	9.000000	29.840000	0.000000	0.000000
5913	3	3967	3948	40.730000	102.050000	0.000000	0.000000
7082	1	4736	4735	91.450000	432.700000	0.000000	0.000000
7098	1	4736	4781	66.760000	106.400000	0.000000	0.000000
7267	1	4841	4863	9.430000	79.220000	0.000000	0.000000
7268	1	4841	4864	9.000000	30.630000	0.000000	0.000000
7318	1	4898	4899	10.160000	62.840000	0.000000	0.000000
7337	1	4898	4918	9.000000	40.980000	0.000000	0.000000
7320	1	4900	4901	9.430000	42.100000	0.000000	0.000000
7321	1	4900	4902	13.210000	103.540000	0.000000	0.000000
5763	1	3872	3870	57.100000	68.970000	0.000000	0.000000
5764	1	3872	3873	9.000000	70.580000	0.000000	0.000000
7273	2	4838	4866	9.435000	114.880000	0.000000	0.000000
5937	1	3981	3980	15.210000	77.330000	0.000000	0.000000
5938	1	3981	3983	9.000000	39.960000	0.000000	0.000000
7278	2	4848	4847	9.000000	94.420000	0.000000	0.000000
7327	3	4908	4905	11.480000	75.570000	0.000000	0.000000
7367	3	4928	4907	9.430000	90.580000	0.000000	0.000000
7463	2	4979	4986	11.105000	87.810000	0.000000	0.000000
7287	1	4870	4871	11.320000	56.080000	0.000000	0.000000
7288	1	4870	4872	55.010000	55.370000	0.000000	0.000000
7332	1	4912	4913	9.000000	28.600000	0.000000	0.000000
7333	1	4912	4914	13.610000	88.470000	0.000000	0.000000
7373	2	4929	4910	12.105000	74.130000	0.000000	0.000000
5914	3	4868	3967	16.120000	37.740000	0.000000	0.000000
7250	3	4845	3982	13.740000	60.770000	0.000000	0.000000
5928	1	3966	3975	9.000000	53.720000	0.000000	0.000000
5929	1	3966	3976	15.210000	60.190000	0.000000	0.000000
5908	1	3977	3954	32.460000	51.260000	0.000000	0.000000
5933	1	3977	3978	9.000000	33.720000	0.000000	0.000000
6612	1	4421	4422	77.360000	108.310000	0.000000	0.000000
6613	1	4421	4423	21.510000	83.960000	0.000000	0.000000
6777	2	4529	4530	11.170000	112.830000	0.000000	0.000000
6760	3	4520	3968	15.210000	72.530000	0.000000	0.000000
5883	3	3948	3897	37.170000	73.860000	0.000000	0.000000
7081	1	4735	4066	94.000000	92.070000	0.000000	0.000000
7085	1	4735	4739	16.880000	113.350000	0.000000	0.000000
7148	1	4781	4751	63.650000	230.440000	0.000000	0.000000
7149	1	4781	4782	23.340000	100.520000	0.000000	0.000000
7272	2	4863	4862	13.205000	117.640000	0.000000	0.000000
7275	2	4864	4867	9.000000	66.530000	0.000000	0.000000
7359	2	4899	4926	9.890000	69.840000	0.000000	0.000000
7339	2	4918	4896	10.240000	77.700000	0.000000	0.000000
7355	2	4901	4909	11.320000	92.290000	0.000000	0.000000
7360	2	4902	4925	11.105000	80.120000	0.000000	0.000000
5761	1	3870	3868	58.760000	71.610000	0.000000	0.000000
5762	1	3870	3871	15.560000	80.820000	0.000000	0.000000
5977	2	3873	4012	9.580000	69.780000	0.000000	0.000000
7269	3	4866	4865	11.320000	41.720000	0.000000	0.000000
5943	2	3980	3984	12.105000	69.540000	0.000000	0.000000
5940	2	3983	3900	12.280000	76.940000	0.000000	0.000000
7252	3	4847	4845	9.000000	53.520000	0.000000	0.000000
7324	3	4905	4904	18.580000	60.810000	0.000000	0.000000
7326	3	4907	4905	15.560000	61.840000	0.000000	0.000000
7451	3	4986	4977	9.000000	24.300000	0.000000	0.000000
7480	2	4871	4995	10.160000	79.490000	0.000000	0.000000
7289	1	4872	4873	11.000000	55.190000	0.000000	0.000000
7290	1	4872	4874	53.170000	75.220000	0.000000	0.000000
7376	2	4913	4931	9.000000	57.620000	0.000000	0.000000
7379	2	4914	4932	11.305000	74.280000	0.000000	0.000000
7329	3	4910	4906	15.210000	125.540000	0.000000	0.000000
7279	3	3982	4868	15.560000	51.320000	0.000000	0.000000
6767	2	3975	4526	9.000000	70.770000	0.000000	0.000000
5931	2	3976	3965	16.895000	124.180000	0.000000	0.000000
5888	1	3954	3952	24.160000	148.510000	0.000000	0.000000
5889	1	3954	3955	15.210000	86.840000	0.000000	0.000000
5935	2	3978	3979	9.000000	100.160000	0.000000	0.000000
6617	1	4422	4427	11.480000	71.420000	0.000000	0.000000
6618	1	4422	4428	75.470000	110.380000	0.000000	0.000000
6773	3	4530	3950	13.340000	35.530000	0.000000	0.000000
5789	3	3897	3895	40.340000	105.190000	0.000000	0.000000
6054	1	4066	4065	89.180000	214.500000	0.000000	0.000000
6055	1	4066	4005	36.630000	80.070000	0.000000	0.000000
7086	1	4739	4740	15.210000	138.780000	0.000000	0.000000
7134	1	4739	4773	9.000000	51.430000	0.000000	0.000000
7099	1	4751	4752	11.480000	79.300000	0.000000	0.000000
7101	1	4751	4786	61.460000	76.440000	0.000000	0.000000
7150	1	4782	4783	13.210000	107.850000	0.000000	0.000000
7151	1	4782	4784	26.280000	122.390000	0.000000	0.000000
5968	3	4862	3999	16.980000	91.440000	0.000000	0.000000
7270	3	4867	4865	9.000000	21.000000	0.000000	0.000000
7357	3	4926	4893	9.620000	22.000000	0.000000	0.000000
7314	3	4896	4894	11.480000	88.960000	0.000000	0.000000
7328	3	4909	4904	13.210000	115.030000	0.000000	0.000000
7356	3	4925	4893	9.000000	29.500000	0.000000	0.000000
5759	1	3868	3864	58.610000	44.320000	0.000000	0.000000
5760	1	3868	3869	16.120000	99.090000	0.000000	0.000000
5765	1	3871	3874	12.660000	113.750000	0.000000	0.000000
5838	1	3871	3922	9.000000	48.060000	0.000000	0.000000
5972	3	4012	4002	10.160000	28.000000	0.000000	0.000000
5961	3	4865	4001	17.400000	108.100000	0.000000	0.000000
5939	3	3984	3982	9.000000	40.500000	0.000000	0.000000
5792	3	3900	3898	15.560000	108.010000	0.000000	0.000000
7323	3	4904	4903	26.280000	109.980000	0.000000	0.000000
7476	3	4995	4970	9.000000	28.620000	0.000000	0.000000
7382	2	4873	4911	10.215000	130.600000	0.000000	0.000000
7291	1	4874	4875	16.980000	97.660000	0.000000	0.000000
7292	1	4874	4876	49.060000	33.670000	0.000000	0.000000
7374	3	4931	4907	9.000000	18.930000	0.000000	0.000000
7377	3	4932	4903	9.000000	34.470000	0.000000	0.000000
7325	3	4906	4882	17.900000	100.380000	0.000000	0.000000
6765	3	4526	4520	9.000000	29.850000	0.000000	0.000000
5909	3	3965	3948	18.580000	97.200000	0.000000	0.000000
5887	1	3952	3953	14.740000	63.710000	0.000000	0.000000
5890	1	3952	3956	16.120000	36.720000	0.000000	0.000000
5926	2	3955	3974	13.265000	101.780000	0.000000	0.000000
5934	3	3979	3947	9.000000	23.810000	0.000000	0.000000
6775	2	4427	4527	10.240000	99.640000	0.000000	0.000000
6619	1	4428	3940	73.420000	52.670000	0.000000	0.000000
6620	1	4428	4448	32.130000	56.520000	0.000000	0.000000
5885	3	3950	3947	16.010000	74.390000	0.000000	0.000000
5787	3	3895	3893	47.730000	109.600000	0.000000	0.000000
6053	1	4065	4063	89.500000	257.220000	0.000000	0.000000
7077	1	4065	4731	15.560000	85.260000	0.000000	0.000000
5964	1	4005	4004	19.240000	130.540000	0.000000	0.000000
5965	1	4005	4006	28.300000	53.380000	0.000000	0.000000
7087	1	4740	4741	13.610000	73.520000	0.000000	0.000000
7141	1	4740	4776	9.000000	31.810000	0.000000	0.000000
7137	2	4773	4734	11.870000	71.100000	0.000000	0.000000
7100	1	4752	4753	9.430000	85.040000	0.000000	0.000000
7341	1	4752	4920	9.000000	34.100000	0.000000	0.000000
7153	1	4786	4754	62.490000	22.840000	0.000000	0.000000
7154	1	4786	4787	10.670000	89.900000	0.000000	0.000000
7187	2	4783	4779	13.410000	123.750000	0.000000	0.000000
7152	1	4784	4785	12.660000	126.650000	0.000000	0.000000
7192	1	4784	4820	9.000000	45.280000	0.000000	0.000000
5957	3	3999	3998	28.800000	48.860000	0.000000	0.000000
7311	3	4893	4892	13.740000	47.840000	0.000000	0.000000
7312	3	4894	4892	30.190000	83.980000	0.000000	0.000000
5755	1	3864	3862	62.060000	132.270000	0.000000	0.000000
5756	1	3864	3865	19.700000	68.020000	0.000000	0.000000
5962	4	3869	4003	11.480000	80.320000	0.000000	0.000000
5979	1	3869	4017	9.000000	27.300000	0.000000	0.000000
5844	2	3874	3924	10.830000	65.000000	0.000000	0.000000
5845	2	3922	3899	9.000000	134.800000	0.000000	0.000000
5960	3	4002	4001	11.000000	47.210000	0.000000	0.000000
5959	3	4001	3999	24.820000	113.250000	0.000000	0.000000
5790	3	3898	3897	14.740000	76.580000	0.000000	0.000000
7322	3	4903	4888	30.710000	86.170000	0.000000	0.000000
7435	3	4970	4969	11.480000	104.010000	0.000000	0.000000
7330	3	4911	4906	9.430000	63.040000	0.000000	0.000000
7437	1	4875	4972	13.210000	145.160000	0.000000	0.000000
7478	1	4875	4997	9.000000	21.350000	0.000000	0.000000
7293	1	4876	5052	47.280000	102.370000	0.000000	0.000000
7295	1	4876	4877	22.950000	106.460000	0.000000	0.000000
7299	3	4882	4881	23.870000	92.230000	0.000000	0.000000
5925	2	3953	3973	11.870000	52.260000	0.000000	0.000000
5886	1	3956	3951	16.010000	93.660000	0.000000	0.000000
5893	1	3956	3959	9.000000	39.520000	0.000000	0.000000
5923	3	3974	3896	11.320000	27.000000	0.000000	0.000000
5882	3	3947	3945	24.010000	111.850000	0.000000	0.000000
6770	3	4527	3950	9.000000	54.050000	0.000000	0.000000
5875	1	3940	3933	77.360000	117.790000	0.000000	0.000000
5876	1	3940	3941	15.560000	148.940000	0.000000	0.000000
5904	3	3893	3962	49.090000	99.250000	0.000000	0.000000
6051	1	4063	4057	82.890000	120.110000	0.000000	0.000000
6052	1	4063	4064	11.000000	84.980000	0.000000	0.000000
7132	1	4731	4771	9.000000	42.060000	0.000000	0.000000
7133	1	4731	4772	13.610000	82.900000	0.000000	0.000000
5963	4	4004	4003	11.320000	277.890000	0.000000	0.000000
6131	1	4004	4106	9.000000	33.850000	0.000000	0.000000
5966	1	4006	4007	14.740000	123.630000	0.000000	0.000000
6056	1	4006	4067	24.530000	79.990000	0.000000	0.000000
7088	1	4741	4738	11.480000	216.170000	0.000000	0.000000
7142	1	4741	4777	9.000000	36.670000	0.000000	0.000000
7189	2	4776	4780	9.000000	61.550000	0.000000	0.000000
7080	3	4734	4733	14.740000	72.280000	0.000000	0.000000
7342	1	4753	4921	9.000000	32.360000	0.000000	0.000000
7343	1	4753	4922	11.480000	24.000000	0.000000	0.000000
7348	2	4920	4891	11.305000	62.430000	0.000000	0.000000
7102	1	4754	4755	57.480000	133.470000	0.000000	0.000000
7155	1	4754	4788	36.240000	133.370000	0.000000	0.000000
7198	2	4787	4748	9.835000	100.860000	0.000000	0.000000
7146	3	4779	4778	13.610000	91.420000	0.000000	0.000000
7195	2	4785	4750	16.180000	78.870000	0.000000	0.000000
7193	2	4820	4819	9.000000	114.600000	0.000000	0.000000
5956	3	3998	3995	30.710000	130.890000	0.000000	0.000000
7310	3	4892	4889	26.480000	41.250000	0.000000	0.000000
5753	1	3862	3859	55.240000	65.530000	0.000000	0.000000
5754	1	3862	3863	9.620000	88.630000	0.000000	0.000000
5757	1	3865	3866	16.880000	58.940000	0.000000	0.000000
5815	1	3865	3913	9.000000	34.400000	0.000000	0.000000
5973	4	4003	4013	9.000000	35.290000	0.000000	0.000000
5980	2	4017	4011	9.000000	47.270000	0.000000	0.000000
5840	3	3924	3894	9.000000	25.980000	0.000000	0.000000
5791	3	3899	3898	9.000000	39.470000	0.000000	0.000000
7306	3	4888	4881	39.670000	85.700000	0.000000	0.000000
7434	3	4969	4968	14.740000	77.580000	0.000000	0.000000
7438	1	4972	4973	14.740000	43.300000	0.000000	0.000000
7439	1	4972	4974	13.340000	75.710000	0.000000	0.000000
7482	2	4997	4996	9.215000	54.250000	0.000000	0.000000
7548	1	5052	5019	49.850000	171.230000	0.000000	0.000000
7549	1	5052	5053	13.610000	52.730000	0.000000	0.000000
7296	1	4877	4878	22.080000	97.310000	0.000000	0.000000
7380	1	4877	4933	9.000000	46.390000	0.000000	0.000000
7403	3	4881	4942	42.190000	92.110000	0.000000	0.000000
5922	3	3973	3896	9.000000	22.000000	0.000000	0.000000
5906	2	3951	3963	12.505000	106.600000	0.000000	0.000000
5902	2	3959	3958	9.000000	79.030000	0.000000	0.000000
5788	3	3896	3895	9.430000	74.340000	0.000000	0.000000
5880	3	3945	3943	22.720000	113.240000	0.000000	0.000000
5855	1	3933	3932	75.470000	44.710000	0.000000	0.000000
5856	1	3933	3934	22.720000	127.890000	0.000000	0.000000
5896	1	3941	3960	9.000000	27.790000	0.000000	0.000000
5897	1	3941	3961	11.000000	31.050000	0.000000	0.000000
5785	3	3962	3890	45.640000	37.000000	0.000000	0.000000
6046	1	4057	4055	56.640000	226.140000	0.000000	0.000000
6047	1	4057	4058	85.430000	53.610000	0.000000	0.000000
6110	1	4064	4101	9.000000	23.400000	0.000000	0.000000
6111	1	4064	4102	11.930000	22.260000	0.000000	0.000000
7793	2	4771	4730	9.580000	87.490000	0.000000	0.000000
7139	2	4772	4774	11.305000	89.600000	0.000000	0.000000
6132	2	4106	4000	12.505000	83.410000	0.000000	0.000000
6129	2	4007	3994	14.555000	115.870000	0.000000	0.000000
6057	1	4067	4068	9.000000	43.610000	0.000000	0.000000
6058	1	4067	4069	24.600000	71.510000	0.000000	0.000000
7084	4	4738	4737	13.610000	68.390000	0.000000	0.000000
7106	4	4738	4758	9.430000	146.300000	0.000000	0.000000
7143	2	4777	4775	9.000000	103.670000	0.000000	0.000000
7147	3	4780	4745	9.000000	36.880000	0.000000	0.000000
7079	3	4733	4732	22.000000	91.330000	0.000000	0.000000
7344	2	4921	4895	9.580000	62.680000	0.000000	0.000000
7347	2	4922	4919	10.240000	51.460000	0.000000	0.000000
7309	3	4891	4890	13.610000	134.480000	0.000000	0.000000
7103	1	4755	4756	50.980000	234.940000	0.000000	0.000000
7175	1	4755	4835	43.760000	41.000000	0.000000	0.000000
7156	1	4788	4789	22.720000	111.010000	0.000000	0.000000
7157	1	4788	4790	24.530000	106.320000	0.000000	0.000000
7095	3	4748	4747	9.000000	47.170000	0.000000	0.000000
7145	3	4778	4745	16.880000	112.180000	0.000000	0.000000
7097	3	4750	4746	19.700000	107.190000	0.000000	0.000000
7191	3	4819	4778	9.000000	25.160000	0.000000	0.000000
5953	3	3995	3993	34.430000	91.300000	0.000000	0.000000
7307	3	4889	4888	30.250000	136.180000	0.000000	0.000000
5750	1	3859	3857	58.490000	100.950000	0.000000	0.000000
5751	1	3859	3860	21.090000	85.270000	0.000000	0.000000
5974	1	3863	4014	9.000000	42.490000	0.000000	0.000000
5976	1	3863	4016	9.000000	22.510000	0.000000	0.000000
5758	1	3866	3867	13.610000	78.140000	0.000000	0.000000
5818	1	3866	3916	9.000000	34.310000	0.000000	0.000000
5833	2	3913	3919	9.000000	56.520000	0.000000	0.000000
5984	4	4013	4018	9.000000	58.600000	0.000000	0.000000
5971	3	4011	4002	9.000000	30.900000	0.000000	0.000000
5786	3	3894	3893	13.340000	89.140000	0.000000	0.000000
7475	2	4973	4994	11.870000	58.340000	0.000000	0.000000
7554	2	4974	5055	11.170000	107.190000	0.000000	0.000000
7477	3	4996	4970	9.430000	31.460000	0.000000	0.000000
7517	1	5019	5020	39.670000	38.060000	0.000000	0.000000
7526	1	5019	5029	39.800000	106.170000	0.000000	0.000000
7550	1	5053	5054	11.930000	29.280000	0.000000	0.000000
7552	1	5053	5056	9.000000	24.520000	0.000000	0.000000
7334	1	4878	4915	13.210000	81.540000	0.000000	0.000000
7335	1	4878	5071	16.980000	47.270000	0.000000	0.000000
7585	2	4933	5043	14.705000	106.560000	0.000000	0.000000
7298	3	4942	4880	42.570000	72.270000	0.000000	0.000000
5905	3	3963	3962	9.000000	35.300000	0.000000	0.000000
5892	3	3958	3957	9.000000	39.460000	0.000000	0.000000
5891	3	3943	3957	28.050000	36.140000	0.000000	0.000000
5854	1	3932	3768	68.340000	275.220000	0.000000	0.000000
5916	1	3932	3969	34.010000	102.640000	0.000000	0.000000
5857	1	3934	3935	9.000000	47.440000	0.000000	0.000000
5870	1	3934	3937	21.510000	168.890000	0.000000	0.000000
5899	2	3960	3944	10.830000	78.820000	0.000000	0.000000
5901	2	3961	3946	11.000000	68.010000	0.000000	0.000000
5782	3	3890	3888	49.630000	34.720000	0.000000	0.000000
6044	1	4055	4053	64.150000	86.320000	0.000000	0.000000
6045	1	4055	4056	24.600000	75.810000	0.000000	0.000000
6048	1	4058	4059	26.480000	117.380000	0.000000	0.000000
6049	1	4058	4767	85.660000	117.360000	0.000000	0.000000
6114	2	4101	4100	9.000000	89.040000	0.000000	0.000000
6112	2	4102	4098	10.465000	76.810000	0.000000	0.000000
7076	3	4730	4728	10.160000	41.060000	0.000000	0.000000
7135	3	4774	4733	9.000000	45.820000	0.000000	0.000000
5958	3	4000	3998	16.010000	86.060000	0.000000	0.000000
5952	3	3994	3993	14.370000	92.710000	0.000000	0.000000
6116	2	4068	4040	12.280000	106.250000	0.000000	0.000000
6059	1	4069	4070	16.010000	49.580000	0.000000	0.000000
6060	1	4069	4071	22.640000	71.780000	0.000000	0.000000
7205	4	4737	4823	9.000000	31.650000	0.000000	0.000000
7107	4	4758	4759	11.930000	65.420000	0.000000	0.000000
7136	3	4775	4732	9.000000	38.670000	0.000000	0.000000
7092	3	4745	4744	18.870000	62.680000	0.000000	0.000000
7078	3	4732	4726	20.060000	111.780000	0.000000	0.000000
7313	3	4895	4894	10.160000	58.250000	0.000000	0.000000
7340	3	4919	4890	9.000000	32.630000	0.000000	0.000000
7350	3	4890	4923	16.120000	59.790000	0.000000	0.000000
7104	1	4756	4757	11.320000	84.750000	0.000000	0.000000
7111	1	4756	4763	49.810000	63.910000	0.000000	0.000000
7237	1	4835	4806	39.800000	72.070000	0.000000	0.000000
7238	1	4835	4836	9.000000	40.100000	0.000000	0.000000
7302	1	4789	4884	13.340000	138.810000	0.000000	0.000000
7303	1	4789	4885	15.090000	164.860000	0.000000	0.000000
7158	1	4790	4791	9.430000	62.290000	0.000000	0.000000
7159	1	4790	4792	17.800000	72.710000	0.000000	0.000000
7094	3	4747	4746	13.210000	48.760000	0.000000	0.000000
7093	3	4746	4744	30.480000	103.650000	0.000000	0.000000
5950	3	3993	3990	34.010000	39.460000	0.000000	0.000000
5748	1	3857	3852	59.960000	75.920000	0.000000	0.000000
5749	1	3857	3858	11.320000	51.800000	0.000000	0.000000
5752	1	3860	3861	16.010000	120.030000	0.000000	0.000000
5819	1	3860	3917	9.000000	36.250000	0.000000	0.000000
5992	2	4014	4019	13.980000	91.950000	0.000000	0.000000
5986	2	4016	3997	9.580000	55.590000	0.000000	0.000000
5836	2	3867	3915	11.305000	75.730000	0.000000	0.000000
5842	2	3916	3923	10.465000	77.770000	0.000000	0.000000
5821	3	3919	3892	9.000000	27.470000	0.000000	0.000000
5982	3	4018	3996	9.000000	20.620000	0.000000	0.000000
7471	3	4994	4969	9.000000	30.110000	0.000000	0.000000
7551	3	5055	5036	9.000000	52.930000	0.000000	0.000000
7518	1	5020	5021	32.570000	40.680000	0.000000	0.000000
7519	1	5020	5022	20.060000	112.630000	0.000000	0.000000
7527	1	5029	5030	11.320000	70.450000	0.000000	0.000000
7528	1	5029	5074	30.420000	95.560000	0.000000	0.000000
7557	2	5054	5057	11.625000	87.500000	0.000000	0.000000
7573	2	5056	5064	9.000000	86.230000	0.000000	0.000000
7385	2	4915	4934	11.105000	97.880000	0.000000	0.000000
7595	1	5071	4917	15.090000	83.350000	0.000000	0.000000
7596	1	5071	5072	9.000000	65.100000	0.000000	0.000000
7539	3	5043	5042	20.410000	78.090000	0.000000	0.000000
7300	3	4880	5087	41.420000	222.660000	0.000000	0.000000
5878	3	3957	3889	34.170000	100.340000	0.000000	0.000000
5614	1	3768	3767	66.470000	148.600000	0.000000	0.000000
5847	1	3768	3925	25.170000	140.590000	0.000000	0.000000
5868	2	3935	3882	13.790000	150.610000	0.000000	0.000000
5871	1	3937	3938	15.560000	109.930000	0.000000	0.000000
5872	1	3937	3939	9.000000	33.320000	0.000000	0.000000
5879	3	3944	3943	12.660000	105.420000	0.000000	0.000000
5881	3	3946	3945	11.000000	104.370000	0.000000	0.000000
5779	3	3888	3883	52.860000	211.390000	0.000000	0.000000
6043	1	4053	4054	12.080000	73.060000	0.000000	0.000000
6134	1	4053	4107	61.810000	100.670000	0.000000	0.000000
6065	1	4056	4076	20.410000	110.690000	0.000000	0.000000
6077	1	4056	4088	9.000000	38.320000	0.000000	0.000000
7058	1	4059	4713	9.000000	30.000000	0.000000	0.000000
7061	1	4059	4716	22.640000	83.820000	0.000000	0.000000
7116	1	4767	4060	87.950000	121.620000	0.000000	0.000000
7117	1	4767	4768	9.000000	40.950000	0.000000	0.000000
6107	3	4100	4039	9.000000	40.000000	0.000000	0.000000
6105	3	4098	4041	9.000000	46.440000	0.000000	0.000000
7074	3	4728	4727	20.750000	103.110000	0.000000	0.000000
6023	3	4040	4039	15.560000	97.130000	0.000000	0.000000
6128	2	4070	3989	12.505000	130.710000	0.000000	0.000000
6061	1	4071	4072	26.480000	95.840000	0.000000	0.000000
6064	1	4071	4075	9.620000	78.740000	0.000000	0.000000
7209	4	4823	4824	9.000000	64.240000	0.000000	0.000000
7108	4	4759	4760	11.000000	79.310000	0.000000	0.000000
7109	4	4759	4761	9.620000	51.250000	0.000000	0.000000
7091	3	4744	4742	31.400000	35.000000	0.000000	0.000000
7072	3	4726	4725	28.050000	82.220000	0.000000	0.000000
7308	3	4923	4889	16.230000	27.530000	0.000000	0.000000
7105	4	4757	4758	9.430000	43.660000	0.000000	0.000000
7110	1	4757	4762	9.000000	38.470000	0.000000	0.000000
7112	1	4763	4764	36.050000	156.650000	0.000000	0.000000
7160	1	4763	4793	33.750000	108.480000	0.000000	0.000000
7176	1	4806	4807	41.380000	117.020000	0.000000	0.000000
7229	1	4806	4833	9.000000	56.060000	0.000000	0.000000
7239	2	4836	4814	11.170000	92.370000	0.000000	0.000000
7353	2	4884	4924	11.170000	71.200000	0.000000	0.000000
7388	2	4885	4936	12.045000	81.220000	0.000000	0.000000
7399	2	4791	4941	9.215000	60.340000	0.000000	0.000000
7304	1	4792	4886	9.620000	66.100000	0.000000	0.000000
7305	1	4792	5109	12.660000	65.840000	0.000000	0.000000
5948	3	3990	3988	45.910000	99.310000	0.000000	0.000000
5743	1	3852	3847	54.720000	34.560000	0.000000	0.000000
5744	1	3852	3853	22.000000	73.340000	0.000000	0.000000
5824	2	3858	3886	11.625000	140.300000	0.000000	0.000000
5829	2	3861	3885	12.505000	88.540000	0.000000	0.000000
5831	2	3917	3918	10.000000	62.280000	0.000000	0.000000
5987	3	4019	3991	18.960000	26.700000	0.000000	0.000000
5955	3	3997	3996	10.160000	81.760000	0.000000	0.000000
5817	3	3915	3891	9.000000	19.950000	0.000000	0.000000
5839	3	3923	3894	11.930000	25.460000	0.000000	0.000000
5784	3	3892	3891	13.610000	100.760000	0.000000	0.000000
5954	3	3996	3995	13.340000	70.400000	0.000000	0.000000
7533	3	5036	5035	13.210000	73.630000	0.000000	0.000000
7522	1	5021	5025	21.510000	72.360000	0.000000	0.000000
7523	1	5021	5026	26.420000	69.530000	0.000000	0.000000
7520	1	5022	5076	16.230000	62.820000	0.000000	0.000000
7577	1	5022	5067	9.000000	27.340000	0.000000	0.000000
7589	1	5030	5069	9.000000	33.670000	0.000000	0.000000
7590	1	5030	5070	9.430000	27.320000	0.000000	0.000000
7600	1	5074	5031	30.420000	80.320000	0.000000	0.000000
7601	1	5074	5075	9.000000	33.550000	0.000000	0.000000
7553	3	5057	5036	11.320000	33.840000	0.000000	0.000000
7570	3	5064	5037	9.000000	25.590000	0.000000	0.000000
7383	3	4934	4882	9.000000	21.320000	0.000000	0.000000
7406	2	4917	4943	12.045000	96.430000	0.000000	0.000000
7597	2	5072	5048	9.000000	135.930000	0.000000	0.000000
7541	3	5042	5045	28.300000	131.490000	0.000000	0.000000
7622	3	5087	5089	46.600000	51.630000	0.000000	0.000000
5781	3	3889	3888	30.250000	105.750000	0.000000	0.000000
5613	1	3767	3765	53.270000	76.560000	0.000000	0.000000
5615	1	3767	3769	37.360000	115.140000	0.000000	0.000000
5848	1	3925	3926	9.000000	35.380000	0.000000	0.000000
5849	1	3925	3927	26.680000	72.140000	0.000000	0.000000
5774	3	3882	3880	18.580000	109.090000	0.000000	0.000000
5873	2	3938	3879	12.280000	133.230000	0.000000	0.000000
5894	2	3939	3942	9.000000	118.850000	0.000000	0.000000
5775	3	3883	3875	54.720000	29.200000	0.000000	0.000000
6247	1	4054	4183	9.000000	31.960000	0.000000	0.000000
6248	1	4054	4184	10.160000	27.030000	0.000000	0.000000
6135	1	4107	4108	9.000000	36.880000	0.000000	0.000000
6192	1	4107	4161	59.250000	34.720000	0.000000	0.000000
6066	1	4076	4077	9.000000	49.220000	0.000000	0.000000
6067	1	4076	4078	17.800000	93.730000	0.000000	0.000000
6085	2	4088	4042	13.200000	120.260000	0.000000	0.000000
7120	2	4713	4721	9.000000	63.430000	0.000000	0.000000
7062	1	4716	4717	9.000000	55.100000	0.000000	0.000000
7063	1	4716	4718	22.950000	30.680000	0.000000	0.000000
6169	1	4060	4139	75.520000	184.340000	0.000000	0.000000
6172	1	4060	4142	36.440000	113.670000	0.000000	0.000000
7119	2	4768	4766	11.105000	76.270000	0.000000	0.000000
6022	3	4039	4038	16.880000	89.720000	0.000000	0.000000
6024	3	4041	4037	18.580000	94.470000	0.000000	0.000000
7073	3	4727	4726	20.840000	76.550000	0.000000	0.000000
5947	3	3989	3988	9.000000	68.780000	0.000000	0.000000
6062	1	4072	4073	17.400000	65.140000	0.000000	0.000000
6063	1	4072	4074	20.840000	81.630000	0.000000	0.000000
6118	2	4075	4099	9.310000	106.000000	0.000000	0.000000
7206	3	4824	4812	9.000000	25.490000	0.000000	0.000000
7201	4	4760	4743	11.160000	104.770000	0.000000	0.000000
7200	4	4761	4749	11.415000	85.530000	0.000000	0.000000
7089	3	4742	4725	37.450000	303.330000	0.000000	0.000000
7071	3	4725	4723	40.020000	132.540000	0.000000	0.000000
7208	2	4762	4822	9.310000	114.750000	0.000000	0.000000
7113	1	4764	4765	11.320000	53.640000	0.000000	0.000000
7161	1	4764	4794	35.850000	44.000000	0.000000	0.000000
7174	1	4793	4805	11.480000	73.380000	0.000000	0.000000
7680	1	4793	5124	27.470000	135.730000	0.000000	0.000000
7392	1	4807	4937	9.000000	49.810000	0.000000	0.000000
7627	1	4807	5113	32.300000	32.320000	0.000000	0.000000
7231	2	4833	4818	11.170000	131.090000	0.000000	0.000000
7183	3	4814	4815	13.340000	90.390000	0.000000	0.000000
7351	3	4924	4923	9.000000	29.630000	0.000000	0.000000
7387	3	4936	4883	9.000000	26.660000	0.000000	0.000000
7398	3	4941	4939	9.000000	29.150000	0.000000	0.000000
7401	2	4886	4940	9.525000	68.940000	0.000000	0.000000
7646	1	5109	4887	13.340000	33.620000	0.000000	0.000000
7647	1	5109	5110	9.000000	34.300000	0.000000	0.000000
5946	3	3988	3985	45.320000	123.570000	0.000000	0.000000
5737	1	3847	3841	56.890000	243.420000	0.000000	0.000000
5738	1	3847	3848	25.660000	69.820000	0.000000	0.000000
5745	1	3853	3854	18.870000	70.260000	0.000000	0.000000
5993	1	3853	4021	9.000000	40.820000	0.000000	0.000000
5778	3	3886	3884	11.930000	80.160000	0.000000	0.000000
5777	3	3885	3884	9.000000	37.450000	0.000000	0.000000
5820	3	3918	3892	11.000000	32.430000	0.000000	0.000000
5949	3	3991	3990	16.880000	62.340000	0.000000	0.000000
5783	3	3891	3890	18.870000	89.360000	0.000000	0.000000
7532	3	5035	5034	26.820000	94.890000	0.000000	0.000000
7530	1	5025	5049	13.740000	165.370000	0.000000	0.000000
7568	1	5025	5062	9.000000	27.130000	0.000000	0.000000
7524	1	5026	5027	26.420000	114.250000	0.000000	0.000000
7558	1	5026	5058	9.000000	62.970000	0.000000	0.000000
7603	1	5076	5023	22.080000	45.690000	0.000000	0.000000
7604	1	5076	5077	9.000000	38.580000	0.000000	0.000000
7582	2	5067	5041	12.045000	61.140000	0.000000	0.000000
7593	2	5069	5046	11.105000	93.590000	0.000000	0.000000
7592	2	5070	5044	11.385000	60.690000	0.000000	0.000000
7529	1	5031	5032	33.590000	89.570000	0.000000	0.000000
7626	1	5031	5092	9.000000	57.040000	0.000000	0.000000
7607	2	5075	5079	9.000000	44.060000	0.000000	0.000000
7534	3	5037	5035	14.740000	82.880000	0.000000	0.000000
7404	3	4943	4942	9.000000	25.710000	0.000000	0.000000
7544	3	5048	5047	9.000000	59.230000	0.000000	0.000000
7543	3	5045	5047	32.130000	65.530000	0.000000	0.000000
7624	3	5089	5082	48.360000	222.060000	0.000000	0.000000
5611	1	3765	3762	55.520000	77.520000	0.000000	0.000000
5612	1	3765	3766	13.610000	69.940000	0.000000	0.000000
5862	2	3926	3881	9.000000	105.470000	0.000000	0.000000
5850	1	3927	3928	9.000000	31.890000	0.000000	0.000000
5851	1	3927	3929	18.580000	81.980000	0.000000	0.000000
5772	3	3880	3878	22.000000	127.830000	0.000000	0.000000
5771	3	3879	3878	9.000000	35.820000	0.000000	0.000000
5877	3	3942	3889	9.000000	48.430000	0.000000	0.000000
5767	3	3875	3678	56.890000	275.470000	0.000000	0.000000
6251	2	4183	4062	11.370000	85.180000	0.000000	0.000000
6250	2	4184	4157	9.580000	113.090000	0.000000	0.000000
6137	2	4108	4084	9.000000	113.360000	0.000000	0.000000
6042	1	4161	4052	61.230000	36.130000	0.000000	0.000000
6193	1	4161	4162	10.160000	112.260000	0.000000	0.000000
6100	2	4077	4090	10.160000	93.560000	0.000000	0.000000
6068	1	4078	4079	11.000000	58.360000	0.000000	0.000000
6078	1	4078	4089	9.000000	32.420000	0.000000	0.000000
6025	3	4042	4041	17.400000	127.100000	0.000000	0.000000
7066	3	4721	4712	9.000000	46.120000	0.000000	0.000000
7129	2	4717	4729	10.160000	89.580000	0.000000	0.000000
7064	1	4718	4719	13.740000	68.610000	0.000000	0.000000
7065	1	4718	4720	16.980000	81.340000	0.000000	0.000000
6168	1	4139	4138	83.100000	46.020000	0.000000	0.000000
6194	1	4139	4163	13.340000	86.250000	0.000000	0.000000
6924	1	4142	4640	13.610000	74.170000	0.000000	0.000000
6926	1	4142	4642	36.290000	95.000000	0.000000	0.000000
7115	3	4766	4712	13.210000	42.850000	0.000000	0.000000
6021	3	4038	4037	26.420000	106.220000	0.000000	0.000000
6019	3	4037	4035	40.510000	189.100000	0.000000	0.000000
6126	2	4073	4105	13.200000	83.130000	0.000000	0.000000
6121	2	4074	4103	14.920000	110.110000	0.000000	0.000000
6106	3	4099	4038	9.000000	37.220000	0.000000	0.000000
7181	3	4812	4811	15.090000	124.340000	0.000000	0.000000
7090	3	4743	4742	11.320000	48.950000	0.000000	0.000000
7096	3	4749	4747	13.210000	57.030000	0.000000	0.000000
7068	3	4723	4711	49.200000	121.450000	0.000000	0.000000
7204	3	4822	4813	9.620000	33.550000	0.000000	0.000000
7211	2	4765	4821	10.160000	73.750000	0.000000	0.000000
7162	1	4794	4795	9.000000	46.050000	0.000000	0.000000
7163	1	4794	4796	32.080000	93.750000	0.000000	0.000000
7698	2	4805	4834	10.240000	94.300000	0.000000	0.000000
7682	1	5124	5126	13.210000	70.820000	0.000000	0.000000
7684	1	5124	5128	13.740000	88.880000	0.000000	0.000000
7394	2	4937	4938	9.000000	53.440000	0.000000	0.000000
7651	1	5113	5093	35.850000	121.680000	0.000000	0.000000
7652	1	5113	5114	18.580000	80.590000	0.000000	0.000000
7185	3	4818	4817	13.340000	54.590000	0.000000	0.000000
7184	3	4815	4816	18.870000	99.040000	0.000000	0.000000
7301	3	4883	4880	12.080000	116.480000	0.000000	0.000000
7396	3	4939	4816	9.620000	33.840000	0.000000	0.000000
7397	3	4940	4939	9.430000	22.220000	0.000000	0.000000
7390	2	4887	4935	11.750000	69.760000	0.000000	0.000000
7665	2	5110	5105	9.000000	90.800000	0.000000	0.000000
5969	3	3985	4104	49.810000	49.090000	0.000000	0.000000
5731	1	3841	3840	49.530000	32.590000	0.000000	0.000000
5732	1	3841	3842	31.400000	48.120000	0.000000	0.000000
5739	1	3848	3849	23.340000	111.200000	0.000000	0.000000
5802	1	3848	3910	9.000000	46.560000	0.000000	0.000000
5746	1	3854	3855	9.000000	30.270000	0.000000	0.000000
5747	1	3854	3856	10.160000	40.050000	0.000000	0.000000
6005	2	4021	4024	12.045000	79.090000	0.000000	0.000000
5822	3	3884	3920	17.400000	45.490000	0.000000	0.000000
7531	3	5034	5012	29.470000	83.190000	0.000000	0.000000
7562	1	5049	5060	9.000000	29.120000	0.000000	0.000000
7563	1	5049	5061	13.210000	23.650000	0.000000	0.000000
7571	2	5062	5063	8.720000	79.220000	0.000000	0.000000
7525	4	5027	5028	15.090000	481.930000	0.000000	0.000000
7546	1	5027	5050	11.320000	97.850000	0.000000	0.000000
7559	2	5058	5018	12.045000	122.740000	0.000000	0.000000
7521	4	5023	5024	13.340000	448.030000	0.000000	0.000000
7578	1	5023	5068	9.000000	18.160000	0.000000	0.000000
7610	2	5077	5078	10.830000	76.680000	0.000000	0.000000
7538	3	5041	5039	15.090000	91.010000	0.000000	0.000000
7542	3	5046	5045	13.210000	42.720000	0.000000	0.000000
7540	3	5044	5042	13.340000	66.960000	0.000000	0.000000
7612	1	5032	5081	9.000000	33.650000	0.000000	0.000000
7625	4	5032	5098	18.580000	507.860000	0.000000	0.000000
7678	2	5092	5090	10.160000	85.520000	0.000000	0.000000
7606	3	5079	5073	9.000000	28.350000	0.000000	0.000000
7621	3	5047	5088	25.660000	50.700000	0.000000	0.000000
5608	1	3762	3751	56.100000	139.520000	0.000000	0.000000
5609	1	3762	3763	11.320000	73.850000	0.000000	0.000000
5665	1	3766	3805	9.000000	34.240000	0.000000	0.000000
5666	1	3766	3806	9.430000	38.490000	0.000000	0.000000
5773	3	3881	3880	9.000000	49.820000	0.000000	0.000000
5865	2	3928	3808	9.000000	72.510000	0.000000	0.000000
5852	1	3929	3930	13.740000	47.600000	0.000000	0.000000
5853	1	3929	3931	16.980000	93.940000	0.000000	0.000000
5770	3	3878	3876	24.530000	41.000000	0.000000	0.000000
5481	3	3678	3677	62.720000	65.730000	0.000000	0.000000
6050	3	4062	4061	13.740000	61.850000	0.000000	0.000000
6187	3	4157	4156	9.000000	50.240000	0.000000	0.000000
6073	3	4084	4083	9.000000	40.100000	0.000000	0.000000
6041	1	4052	4048	45.360000	41.270000	0.000000	0.000000
6138	1	4052	4111	53.270000	207.740000	0.000000	0.000000
6246	2	4162	4182	10.160000	81.400000	0.000000	0.000000
6079	3	4090	4083	11.320000	30.360000	0.000000	0.000000
6104	2	4079	4033	13.045000	168.080000	0.000000	0.000000
6101	2	4089	4081	9.000000	92.100000	0.000000	0.000000
7057	3	4712	4661	9.620000	51.560000	0.000000	0.000000
7075	3	4729	4728	11.320000	63.790000	0.000000	0.000000
7123	2	4719	4715	11.370000	87.950000	0.000000	0.000000
7067	1	4720	4722	11.320000	64.950000	0.000000	0.000000
7070	1	4720	4724	11.930000	48.120000	0.000000	0.000000
6167	1	4138	4136	75.400000	161.290000	0.000000	0.000000
6170	1	4138	4140	16.120000	79.510000	0.000000	0.000000
6253	1	4163	4185	9.000000	40.100000	0.000000	0.000000
6254	1	4163	4186	13.210000	32.130000	0.000000	0.000000
6925	1	4640	4641	11.480000	96.800000	0.000000	0.000000
6990	1	4640	4681	9.000000	43.460000	0.000000	0.000000
6927	1	4642	4643	13.340000	53.600000	0.000000	0.000000
6928	1	4642	4644	34.170000	93.620000	0.000000	0.000000
6018	3	4035	4034	35.450000	98.960000	0.000000	0.000000
6124	3	4105	4104	9.000000	31.400000	0.000000	0.000000
6120	3	4103	4035	9.000000	37.810000	0.000000	0.000000
7180	3	4811	4723	24.600000	92.010000	0.000000	0.000000
6946	3	4711	4659	50.980000	161.030000	0.000000	0.000000
7182	3	4813	4812	15.090000	80.600000	0.000000	0.000000
7203	3	4821	4813	9.000000	31.070000	0.000000	0.000000
7235	2	4795	4804	11.170000	104.170000	0.000000	0.000000
7166	1	4796	4797	30.420000	68.280000	0.000000	0.000000
7177	1	4796	4808	16.980000	86.310000	0.000000	0.000000
7232	3	4834	4817	9.000000	40.150000	0.000000	0.000000
7683	1	5126	5127	9.430000	76.610000	0.000000	0.000000
7691	1	5126	5136	9.000000	27.490000	0.000000	0.000000
7685	1	5128	5129	13.210000	96.330000	0.000000	0.000000
7689	1	5128	5133	9.000000	34.700000	0.000000	0.000000
7393	3	4938	4815	9.000000	28.000000	0.000000	0.000000
7628	1	5093	5094	15.090000	70.290000	0.000000	0.000000
7629	1	5093	5095	33.960000	77.490000	0.000000	0.000000
7653	1	5114	5115	12.080000	101.110000	0.000000	0.000000
7658	1	5114	5119	9.000000	33.310000	0.000000	0.000000
7648	3	4817	5111	20.320000	86.150000	0.000000	0.000000
7636	3	4816	5101	18.870000	45.250000	0.000000	0.000000
7386	3	4935	4883	10.160000	22.140000	0.000000	0.000000
7640	3	5105	5103	9.000000	46.290000	0.000000	0.000000
6123	3	4104	4009	46.060000	77.100000	0.000000	0.000000
5492	1	3840	3683	49.090000	313.440000	0.000000	0.000000
5733	1	3840	3843	18.580000	71.200000	0.000000	0.000000
5734	1	3842	3844	13.210000	63.280000	0.000000	0.000000
5736	1	3842	3846	19.700000	117.710000	0.000000	0.000000
5740	1	3849	3850	13.740000	79.480000	0.000000	0.000000
5741	1	3849	3851	13.210000	79.060000	0.000000	0.000000
5807	2	3910	3909	10.240000	81.360000	0.000000	0.000000
5990	2	3855	4020	9.000000	71.110000	0.000000	0.000000
5995	2	3856	4022	9.580000	78.440000	0.000000	0.000000
6000	3	4024	3987	15.090000	24.370000	0.000000	0.000000
5776	3	3920	3883	17.400000	27.810000	0.000000	0.000000
7566	2	5060	5017	10.160000	101.240000	0.000000	0.000000
7564	2	5061	5059	11.105000	90.060000	0.000000	0.000000
7569	3	5063	5037	8.440000	27.630000	0.000000	0.000000
7580	2	5050	5066	10.160000	108.330000	0.000000	0.000000
7516	3	5018	5016	15.090000	91.350000	0.000000	0.000000
7583	2	5068	5065	9.000000	85.810000	0.000000	0.000000
7605	3	5078	5073	12.660000	18.550000	0.000000	0.000000
7536	3	5039	5038	13.210000	49.020000	0.000000	0.000000
7614	2	5081	5080	9.000000	76.950000	0.000000	0.000000
7672	4	5098	5122	9.000000	43.420000	0.000000	0.000000
7623	3	5090	5088	11.320000	70.770000	0.000000	0.000000
7599	3	5073	5015	12.660000	97.730000	0.000000	0.000000
7620	3	5088	5087	32.240000	58.540000	0.000000	0.000000
5596	4	3751	3750	53.270000	169.410000	0.000000	0.000000
5597	1	3751	3752	26.280000	114.230000	0.000000	0.000000
5668	2	3805	3758	11.685000	98.060000	0.000000	0.000000
5670	2	3806	3761	13.415000	65.750000	0.000000	0.000000
5672	3	3808	3760	9.000000	32.940000	0.000000	0.000000
5861	2	3930	3877	11.370000	103.070000	0.000000	0.000000
5858	2	3931	3807	12.990000	131.770000	0.000000	0.000000
5768	3	3876	3875	26.680000	81.270000	0.000000	0.000000
5480	3	3677	3675	60.760000	111.870000	0.000000	0.000000
6190	3	4061	4158	27.010000	158.900000	0.000000	0.000000
6186	3	4156	4154	26.280000	152.340000	0.000000	0.000000
6072	3	4083	4082	14.740000	107.160000	0.000000	0.000000
6038	1	4048	4049	21.510000	89.280000	0.000000	0.000000
6205	1	4048	4172	45.440000	71.250000	0.000000	0.000000
6139	1	4111	4112	10.670000	102.880000	0.000000	0.000000
6140	1	4111	4115	47.170000	143.730000	0.000000	0.000000
6240	3	4182	4155	10.160000	25.090000	0.000000	0.000000
6015	3	4033	4032	15.090000	73.520000	0.000000	0.000000
6070	3	4081	4080	9.000000	30.970000	0.000000	0.000000
7053	3	4661	4714	24.820000	109.480000	0.000000	0.000000
7060	3	4715	4714	9.000000	36.490000	0.000000	0.000000
7083	4	4722	4737	11.320000	318.240000	0.000000	0.000000
7127	1	4722	4770	9.000000	30.130000	0.000000	0.000000
7125	2	4724	4710	10.465000	116.550000	0.000000	0.000000
6164	1	4136	4135	74.190000	263.400000	0.000000	0.000000
6166	1	4136	4137	38.480000	103.450000	0.000000	0.000000
6171	1	4140	4141	22.720000	65.810000	0.000000	0.000000
6180	1	4140	4150	9.000000	51.170000	0.000000	0.000000
6257	2	4185	4160	9.835000	126.480000	0.000000	0.000000
6256	2	4186	4159	13.410000	69.790000	0.000000	0.000000
6999	2	4641	4685	10.240000	67.260000	0.000000	0.000000
6992	2	4681	4639	13.400000	80.580000	0.000000	0.000000
7041	1	4643	4705	9.000000	41.110000	0.000000	0.000000
7042	1	4643	4706	11.930000	37.200000	0.000000	0.000000
6929	1	4644	4645	11.320000	76.650000	0.000000	0.000000
6931	1	4644	4647	28.550000	48.610000	0.000000	0.000000
6016	3	4034	4031	51.530000	84.230000	0.000000	0.000000
6944	3	4659	4657	54.420000	98.260000	0.000000	0.000000
7687	3	4804	5131	13.340000	61.000000	0.000000	0.000000
7167	1	4797	4798	27.010000	108.750000	0.000000	0.000000
7224	1	4797	4832	9.000000	55.250000	0.000000	0.000000
7178	1	4808	4809	11.320000	82.480000	0.000000	0.000000
7215	1	4808	4827	9.000000	42.670000	0.000000	0.000000
7740	2	5127	9000	11.585000	76.130000	0.000000	0.000000
7694	2	5136	5135	11.870000	72.600000	0.000000	0.000000
7701	2	5129	5130	11.105000	81.190000	0.000000	0.000000
7700	2	5133	5132	9.000000	70.190000	0.000000	0.000000
7630	1	5094	5096	13.210000	89.250000	0.000000	0.000000
7667	1	5094	5120	9.000000	32.440000	0.000000	0.000000
7632	4	5095	5098	24.600000	56.390000	0.000000	0.000000
7635	1	5095	5100	16.230000	103.380000	0.000000	0.000000
7663	2	5115	5118	10.540000	60.650000	0.000000	0.000000
7660	2	5119	5117	11.870000	80.020000	0.000000	0.000000
7649	3	5111	5112	22.720000	59.510000	0.000000	0.000000
7638	3	5101	5103	28.050000	136.620000	0.000000	0.000000
7639	3	5103	5104	28.360000	68.140000	0.000000	0.000000
6017	3	4009	4034	49.530000	173.690000	0.000000	0.000000
5486	1	3683	3684	17.400000	67.570000	0.000000	0.000000
5490	1	3683	3688	45.950000	58.330000	0.000000	0.000000
5796	1	3843	3904	16.230000	92.460000	0.000000	0.000000
5799	1	3843	3907	9.000000	28.620000	0.000000	0.000000
5735	1	3844	3845	11.930000	63.440000	0.000000	0.000000
5999	1	3844	4023	9.000000	25.360000	0.000000	0.000000
6027	1	3846	4044	21.090000	172.510000	0.000000	0.000000
6028	1	3846	4045	9.000000	56.130000	0.000000	0.000000
5826	2	3850	3921	11.370000	77.160000	0.000000	0.000000
5810	2	3851	3902	11.105000	102.400000	0.000000	0.000000
5801	3	3909	3903	11.480000	60.060000	0.000000	0.000000
5988	3	4020	3991	9.000000	28.700000	0.000000	0.000000
5994	3	4022	3986	9.000000	23.740000	0.000000	0.000000
5945	3	3987	3986	10.670000	74.910000	0.000000	0.000000
7515	3	5017	5016	11.320000	55.120000	0.000000	0.000000
7561	3	5059	5034	9.000000	26.940000	0.000000	0.000000
7576	3	5066	5039	9.000000	44.420000	0.000000	0.000000
7514	3	5016	5009	13.340000	75.270000	0.000000	0.000000
7575	3	5065	5038	9.000000	48.270000	0.000000	0.000000
7535	3	5038	5013	13.340000	83.190000	0.000000	0.000000
7611	3	5080	5015	9.000000	33.470000	0.000000	0.000000
7675	4	5122	5107	10.160000	87.630000	0.000000	0.000000
7513	3	5015	5014	10.670000	97.770000	0.000000	0.000000
5504	4	3750	3700	44.050000	212.160000	0.000000	0.000000
5646	4	3750	3798	35.600000	71.780000	0.000000	0.000000
5598	1	3752	3753	9.000000	51.870000	0.000000	0.000000
5599	1	3752	3717	20.410000	60.550000	0.000000	0.000000
5604	3	3758	3757	14.370000	59.210000	0.000000	0.000000
5607	3	3761	3760	17.400000	104.040000	0.000000	0.000000
5606	3	3760	3756	22.640000	91.060000	0.000000	0.000000
5769	3	3877	3876	9.000000	47.160000	0.000000	0.000000
5671	3	3807	3755	9.000000	42.470000	0.000000	0.000000
5478	3	3675	3674	59.670000	121.710000	0.000000	0.000000
6188	3	4158	4156	23.870000	30.070000	0.000000	0.000000
6184	3	4154	4152	32.950000	81.450000	0.000000	0.000000
6071	3	4082	4080	24.160000	104.590000	0.000000	0.000000
6039	1	4049	4050	23.340000	111.050000	0.000000	0.000000
6075	1	4049	4086	9.000000	34.090000	0.000000	0.000000
6037	1	4172	4030	42.400000	198.610000	0.000000	0.000000
6206	1	4172	4173	9.000000	67.870000	0.000000	0.000000
6237	1	4112	4179	9.000000	45.350000	0.000000	0.000000
6238	1	4112	4180	10.670000	22.570000	0.000000	0.000000
6143	4	4115	4110	29.830000	69.580000	0.000000	0.000000
6144	1	4115	4117	17.400000	177.240000	0.000000	0.000000
6185	3	4155	4154	11.930000	88.830000	0.000000	0.000000
6014	3	4032	4031	36.050000	55.200000	0.000000	0.000000
6069	3	4080	4032	26.210000	140.080000	0.000000	0.000000
7059	3	4714	4663	28.740000	27.900000	0.000000	0.000000
7131	2	4770	4769	9.000000	97.930000	0.000000	0.000000
7055	3	4710	4709	9.000000	40.020000	0.000000	0.000000
6163	1	4135	4133	68.190000	58.120000	0.000000	0.000000
6892	1	4135	4608	13.740000	56.000000	0.000000	0.000000
6895	1	4137	4611	9.000000	46.580000	0.000000	0.000000
6896	1	4137	4612	28.360000	47.300000	0.000000	0.000000
6173	1	4141	4143	10.670000	97.310000	0.000000	0.000000
6174	1	4141	4144	26.820000	70.330000	0.000000	0.000000
6217	2	4150	4146	10.465000	89.650000	0.000000	0.000000
6191	3	4160	4061	10.670000	31.060000	0.000000	0.000000
6189	3	4159	4158	13.610000	66.910000	0.000000	0.000000
6996	3	4685	4636	9.000000	27.040000	0.000000	0.000000
6923	3	4639	4637	17.800000	103.630000	0.000000	0.000000
7046	2	4705	4660	12.045000	93.980000	0.000000	0.000000
7048	2	4706	4707	10.465000	72.270000	0.000000	0.000000
6930	1	4645	4646	12.080000	81.780000	0.000000	0.000000
6997	1	4645	4686	9.000000	30.120000	0.000000	0.000000
6932	1	4647	4648	21.510000	93.100000	0.000000	0.000000
6933	1	4647	4649	20.320000	149.920000	0.000000	0.000000
6013	3	4031	4026	51.260000	124.940000	0.000000	0.000000
6942	3	4657	4656	50.240000	139.730000	0.000000	0.000000
7173	3	5131	4802	20.060000	43.470000	0.000000	0.000000
7169	1	4798	4799	24.820000	46.170000	0.000000	0.000000
7171	1	4798	4801	11.320000	61.070000	0.000000	0.000000
7227	2	4832	4831	8.275000	95.980000	0.000000	0.000000
7179	1	4809	4810	11.320000	78.640000	0.000000	0.000000
7214	1	4809	4826	9.000000	39.290000	0.000000	0.000000
7219	2	4827	4829	9.000000	108.480000	0.000000	0.000000
7739	3	9000	5134	13.740000	43.690000	0.000000	0.000000
7690	3	5135	5134	14.740000	65.440000	0.000000	0.000000
7686	3	5130	5123	9.000000	45.350000	0.000000	0.000000
7688	3	5132	5131	9.000000	38.960000	0.000000	0.000000
7674	2	5096	5121	11.105000	81.770000	0.000000	0.000000
7669	2	5120	5102	10.830000	58.870000	0.000000	0.000000
7662	2	5100	5116	12.615000	104.580000	0.000000	0.000000
7657	3	5118	5111	9.000000	20.710000	0.000000	0.000000
7656	3	5117	5097	14.740000	100.820000	0.000000	0.000000
7650	3	5112	5085	30.480000	81.770000	0.000000	0.000000
7644	3	5104	5089	29.830000	121.580000	0.000000	0.000000
5541	1	3684	3731	9.000000	32.720000	0.000000	0.000000
5551	1	3684	3737	15.560000	116.870000	0.000000	0.000000
5489	1	3688	3685	44.850000	56.120000	0.000000	0.000000
5493	1	3688	3690	14.740000	52.500000	0.000000	0.000000
5797	1	3904	3905	9.430000	63.640000	0.000000	0.000000
5798	1	3904	3906	13.740000	60.540000	0.000000	0.000000
5806	2	3907	3908	12.105000	91.300000	0.000000	0.000000
6007	2	3845	4010	12.005000	99.280000	0.000000	0.000000
6002	2	4023	4025	9.000000	75.910000	0.000000	0.000000
6035	2	4044	4047	15.045000	121.630000	0.000000	0.000000
6034	2	4045	4043	10.540000	124.450000	0.000000	0.000000
5823	3	3921	3920	9.000000	44.250000	0.000000	0.000000
5794	3	3902	3901	9.000000	33.010000	0.000000	0.000000
5795	3	3903	3901	20.750000	79.450000	0.000000	0.000000
5944	3	3986	3985	12.660000	58.920000	0.000000	0.000000
7643	3	5107	5106	11.320000	111.090000	0.000000	0.000000
5502	4	3700	3696	44.050000	40.850000	0.000000	0.000000
5503	4	3700	3701	11.320000	102.480000	0.000000	0.000000
5662	2	3753	3711	12.045000	108.130000	0.000000	0.000000
5518	1	3717	3715	23.340000	97.760000	0.000000	0.000000
5519	1	3717	3718	16.980000	91.540000	0.000000	0.000000
5603	3	3757	3756	17.400000	81.250000	0.000000	0.000000
5602	3	3756	3755	30.950000	143.800000	0.000000	0.000000
5601	3	3755	3678	31.400000	102.090000	0.000000	0.000000
5477	3	3674	3671	62.460000	151.610000	0.000000	0.000000
6182	3	4152	4125	37.070000	103.420000	0.000000	0.000000
6040	1	4050	4051	17.400000	182.390000	0.000000	0.000000
6076	1	4050	4087	9.000000	21.950000	0.000000	0.000000
6091	2	4086	4095	12.105000	99.690000	0.000000	0.000000
6012	1	4030	3632	22.800000	70.110000	0.000000	0.000000
6200	1	4030	4169	17.090000	71.080000	0.000000	0.000000
6208	2	4173	4171	11.105000	111.910000	0.000000	0.000000
6242	2	4179	4127	9.835000	99.830000	0.000000	0.000000
6244	2	4180	4181	9.835000	91.370000	0.000000	0.000000
5366	4	4110	3619	17.090000	537.250000	0.000000	0.000000
6231	4	4110	4177	9.000000	41.810000	0.000000	0.000000
6235	2	4117	4178	13.200000	107.120000	0.000000	0.000000
7054	3	4663	4709	30.420000	99.000000	0.000000	0.000000
7126	3	4769	4727	9.000000	45.360000	0.000000	0.000000
7056	3	4709	4711	32.950000	88.850000	0.000000	0.000000
6161	1	4133	3503	69.380000	78.350000	0.000000	0.000000
6162	1	4133	4134	13.340000	73.520000	0.000000	0.000000
6893	1	4608	4609	9.000000	26.030000	0.000000	0.000000
6894	1	4608	4610	9.430000	41.140000	0.000000	0.000000
6960	2	4611	4606	10.830000	93.980000	0.000000	0.000000
6897	1	4612	4613	11.480000	46.120000	0.000000	0.000000
6898	1	4612	4614	28.300000	35.910000	0.000000	0.000000
6224	2	4143	4153	11.075000	121.610000	0.000000	0.000000
6177	1	4144	4147	26.210000	81.460000	0.000000	0.000000
6225	1	4144	4174	9.000000	36.230000	0.000000	0.000000
6176	3	4146	4132	11.930000	93.950000	0.000000	0.000000
6920	3	4636	4635	16.980000	65.060000	0.000000	0.000000
6921	3	4637	4635	21.090000	128.890000	0.000000	0.000000
6947	3	4660	4661	15.090000	91.110000	0.000000	0.000000
7043	3	4707	4662	9.000000	22.090000	0.000000	0.000000
7004	2	4646	4682	10.540000	69.360000	0.000000	0.000000
7002	2	4686	4684	10.240000	73.690000	0.000000	0.000000
7017	1	4648	4694	11.320000	35.310000	0.000000	0.000000
7040	1	4648	4704	9.000000	35.820000	0.000000	0.000000
6934	1	4649	4650	12.660000	67.100000	0.000000	0.000000
6936	1	4649	4652	14.370000	59.980000	0.000000	0.000000
6008	3	4026	3628	49.200000	69.160000	0.000000	0.000000
6941	3	4656	4653	57.760000	148.940000	0.000000	0.000000
7679	3	4802	5123	24.160000	103.310000	0.000000	0.000000
7031	1	4799	4699	18.870000	105.100000	0.000000	0.000000
7168	1	4799	4666	16.880000	118.120000	0.000000	0.000000
7233	2	4801	4803	10.375000	155.320000	0.000000	0.000000
7223	3	4831	4800	7.550000	54.870000	0.000000	0.000000
7221	2	4810	4828	10.470000	107.790000	0.000000	0.000000
7225	2	4826	4830	9.000000	71.420000	0.000000	0.000000
7217	3	4829	4825	9.000000	30.000000	0.000000	0.000000
7654	3	5134	5112	12.660000	70.450000	0.000000	0.000000
7052	3	5123	4655	44.050000	501.170000	0.000000	0.000000
7670	3	5121	5106	9.000000	41.120000	0.000000	0.000000
7637	3	5102	5101	12.660000	57.990000	0.000000	0.000000
7655	3	5116	5097	9.000000	41.060000	0.000000	0.000000
7631	3	5097	5085	18.580000	70.950000	0.000000	0.000000
7618	3	5085	5084	36.630000	392.620000	0.000000	0.000000
5560	2	3731	3681	8.275000	92.230000	0.000000	0.000000
5559	2	3737	3736	12.280000	79.960000	0.000000	0.000000
5376	1	3685	3621	38.480000	127.810000	0.000000	0.000000
5487	1	3685	3686	14.370000	70.860000	0.000000	0.000000
5494	1	3690	3691	11.930000	117.700000	0.000000	0.000000
5522	1	3690	3721	9.000000	37.540000	0.000000	0.000000
5813	2	3905	3682	12.320000	126.760000	0.000000	0.000000
5812	2	3906	3912	11.370000	66.510000	0.000000	0.000000
5800	3	3908	3903	15.210000	50.810000	0.000000	0.000000
5970	3	4010	4009	12.080000	76.240000	0.000000	0.000000
6001	3	4025	3987	9.000000	22.280000	0.000000	0.000000
6030	3	4047	4027	9.000000	41.930000	0.000000	0.000000
6026	3	4043	4028	12.080000	43.480000	0.000000	0.000000
5803	3	3901	3911	23.340000	59.810000	0.000000	0.000000
7642	3	5106	5104	16.880000	68.360000	0.000000	0.000000
5498	4	3696	3693	41.380000	47.450000	0.000000	0.000000
5499	4	3696	3697	29.530000	70.060000	0.000000	0.000000
5587	4	3701	3747	10.160000	79.600000	0.000000	0.000000
5513	3	3711	3710	15.090000	104.030000	0.000000	0.000000
5516	1	3715	3712	19.700000	134.320000	0.000000	0.000000
5517	1	3715	3716	11.320000	51.540000	0.000000	0.000000
5520	1	3718	3719	15.210000	96.940000	0.000000	0.000000
5600	1	3718	3754	9.430000	72.830000	0.000000	0.000000
5474	3	3671	3670	60.290000	42.800000	0.000000	0.000000
6153	3	4125	4126	29.830000	27.210000	0.000000	0.000000
6088	2	4051	4092	13.200000	99.490000	0.000000	0.000000
6097	2	4087	4085	9.000000	67.750000	0.000000	0.000000
6084	3	4095	4093	15.210000	128.640000	0.000000	0.000000
5380	1	3632	3631	12.660000	78.040000	0.000000	0.000000
5381	1	3632	4096	18.960000	51.670000	0.000000	0.000000
5378	1	4169	3629	16.980000	73.490000	0.000000	0.000000
6201	1	4169	4170	9.000000	39.890000	0.000000	0.000000
6204	3	4171	4167	13.210000	85.920000	0.000000	0.000000
6154	3	4127	4125	10.670000	49.790000	0.000000	0.000000
6239	3	4181	4155	9.000000	37.020000	0.000000	0.000000
6232	4	4177	4176	11.105000	106.170000	0.000000	0.000000
6234	3	4178	4130	9.000000	24.000000	0.000000	0.000000
5214	1	3503	3502	63.260000	234.300000	0.000000	0.000000
5255	1	3503	3531	22.640000	112.840000	0.000000	0.000000
6215	2	4134	4124	11.170000	122.980000	0.000000	0.000000
6956	2	4609	4588	11.105000	90.340000	0.000000	0.000000
6958	2	4610	4607	9.215000	62.570000	0.000000	0.000000
6890	3	4606	4589	12.660000	83.440000	0.000000	0.000000
6984	1	4613	4679	8.440000	17.740000	0.000000	0.000000
6985	1	4613	4680	9.000000	34.260000	0.000000	0.000000
6899	1	4614	4615	19.240000	101.040000	0.000000	0.000000
6901	1	4614	4617	30.250000	90.520000	0.000000	0.000000
6183	3	4153	4152	11.480000	61.050000	0.000000	0.000000
6178	1	4147	4148	9.430000	56.660000	0.000000	0.000000
6179	1	4147	4149	17.090000	70.200000	0.000000	0.000000
6228	2	4174	4175	9.000000	63.080000	0.000000	0.000000
6160	3	4132	4123	13.340000	113.250000	0.000000	0.000000
6919	3	4635	4633	32.570000	27.730000	0.000000	0.000000
6948	3	4662	4663	13.740000	92.670000	0.000000	0.000000
6993	3	4682	4630	9.000000	29.580000	0.000000	0.000000
6995	3	4684	4636	11.480000	58.220000	0.000000	0.000000
7023	2	4694	4696	10.740000	89.420000	0.000000	0.000000
7049	2	4704	4708	9.215000	69.920000	0.000000	0.000000
6935	1	4650	4651	11.320000	63.710000	0.000000	0.000000
6998	1	4650	4687	9.000000	30.000000	0.000000	0.000000
7013	1	4652	4692	9.000000	36.100000	0.000000	0.000000
7014	1	4652	4693	10.670000	72.700000	0.000000	0.000000
5377	3	3628	3625	52.830000	117.080000	0.000000	0.000000
7011	3	4653	4690	58.120000	80.810000	0.000000	0.000000
7038	2	4699	4700	15.095000	98.320000	0.000000	0.000000
6950	1	4666	4665	15.090000	102.250000	0.000000	0.000000
6951	1	4666	4701	11.320000	118.800000	0.000000	0.000000
7172	3	4803	4802	9.430000	46.440000	0.000000	0.000000
7170	3	4800	4697	11.000000	87.490000	0.000000	0.000000
7216	3	4828	4825	9.620000	32.420000	0.000000	0.000000
7222	3	4830	4800	9.000000	30.120000	0.000000	0.000000
7213	3	4825	4811	12.080000	32.890000	0.000000	0.000000
6940	3	4655	4654	39.620000	214.400000	0.000000	0.000000
5484	3	3681	3680	7.550000	49.070000	0.000000	0.000000
5550	3	3736	3723	9.000000	27.020000	0.000000	0.000000
5368	4	3621	3581	39.670000	62.360000	0.000000	0.000000
5370	1	3621	3623	15.560000	152.420000	0.000000	0.000000
5488	1	3686	3687	10.670000	107.570000	0.000000	0.000000
5540	1	3686	3730	9.000000	24.090000	0.000000	0.000000
5523	1	3691	3722	10.670000	29.200000	0.000000	0.000000
6029	1	3691	4046	9.000000	30.000000	0.000000	0.000000
5526	2	3721	3720	10.240000	89.110000	0.000000	0.000000
5485	3	3682	3680	15.210000	91.790000	0.000000	0.000000
5804	3	3912	3911	9.000000	32.020000	0.000000	0.000000
6009	3	4027	4026	17.400000	70.530000	0.000000	0.000000
6010	3	4028	4027	26.480000	84.200000	0.000000	0.000000
5793	3	3911	3677	20.320000	31.030000	0.000000	0.000000
5496	4	3693	3694	12.660000	59.020000	0.000000	0.000000
5565	4	3693	3741	15.210000	279.460000	0.000000	0.000000
5500	4	3697	3698	24.600000	105.280000	0.000000	0.000000
5564	4	3697	3740	9.000000	46.950000	0.000000	0.000000
5585	3	3747	3746	9.000000	33.160000	0.000000	0.000000
5512	3	3710	3673	15.560000	102.560000	0.000000	0.000000
5514	1	3712	3713	9.430000	52.090000	0.000000	0.000000
5515	1	3712	3714	15.210000	53.020000	0.000000	0.000000
5590	2	3716	3748	10.160000	79.210000	0.000000	0.000000
5580	2	3719	3745	13.345000	81.430000	0.000000	0.000000
5664	2	3754	3759	9.215000	104.110000	0.000000	0.000000
5473	3	3670	3668	60.170000	183.890000	0.000000	0.000000
6155	3	4126	4128	30.480000	92.480000	0.000000	0.000000
6081	3	4092	4091	9.000000	28.660000	0.000000	0.000000
6074	3	4085	4082	9.000000	29.460000	0.000000	0.000000
6082	3	4093	4091	17.800000	80.580000	0.000000	0.000000
5379	1	3631	3630	16.120000	124.540000	0.000000	0.000000
5388	1	3631	3639	9.000000	30.920000	0.000000	0.000000
6094	1	4096	4097	9.000000	34.030000	0.000000	0.000000
7797	1	4096	3633	19.240000	123.460000	0.000000	0.000000
5440	2	3629	3637	12.990000	96.420000	0.000000	0.000000
6203	2	4170	4168	9.000000	120.030000	0.000000	0.000000
5357	3	4167	3613	32.570000	620.050000	0.000000	0.000000
6230	3	4176	4130	13.210000	94.830000	0.000000	0.000000
6158	3	4130	4118	19.240000	100.550000	0.000000	0.000000
5213	1	3502	4585	51.080000	50.040000	0.000000	0.000000
5234	1	3502	3517	71.850000	54.590000	0.000000	0.000000
5256	1	3531	3532	9.000000	48.170000	0.000000	0.000000
5257	1	3531	3533	18.960000	77.600000	0.000000	0.000000
6152	3	4124	4123	9.000000	43.010000	0.000000	0.000000
6849	3	4588	4584	13.210000	100.370000	0.000000	0.000000
6891	3	4607	4589	9.000000	28.210000	0.000000	0.000000
6850	3	4589	4583	14.370000	149.820000	0.000000	0.000000
6987	2	4679	4638	9.720000	82.710000	0.000000	0.000000
6988	2	4680	4634	10.160000	83.830000	0.000000	0.000000
6900	1	4615	4616	9.620000	76.990000	0.000000	0.000000
6962	1	4615	4672	9.000000	40.120000	0.000000	0.000000
6902	1	4617	4618	13.610000	61.740000	0.000000	0.000000
6903	1	4617	4619	31.120000	106.100000	0.000000	0.000000
6222	2	4148	4131	9.430000	72.770000	0.000000	0.000000
6220	2	4149	4129	13.045000	130.890000	0.000000	0.000000
6226	3	4175	4132	9.000000	31.630000	0.000000	0.000000
6151	3	4123	4121	18.870000	93.730000	0.000000	0.000000
6917	3	4633	4631	28.860000	98.350000	0.000000	0.000000
6914	3	4630	4629	11.320000	72.420000	0.000000	0.000000
7021	3	4696	4658	10.160000	38.520000	0.000000	0.000000
7044	3	4708	4662	9.430000	29.640000	0.000000	0.000000
7007	2	4651	4628	10.995000	108.830000	0.000000	0.000000
7006	2	4687	4683	10.465000	73.380000	0.000000	0.000000
7019	2	4692	4695	9.000000	73.800000	0.000000	0.000000
7016	2	4693	4691	9.835000	115.110000	0.000000	0.000000
5373	3	3625	3600	50.940000	60.860000	0.000000	0.000000
6937	3	4690	4624	58.490000	85.870000	0.000000	0.000000
7032	3	4700	4668	11.320000	60.080000	0.000000	0.000000
6949	1	4665	4664	14.370000	53.960000	0.000000	0.000000
6953	1	4665	4669	8.440000	62.870000	0.000000	0.000000
7033	1	4701	4667	10.670000	49.730000	0.000000	0.000000
7035	1	4701	4703	9.000000	20.300000	0.000000	0.000000
6945	3	4697	4659	11.320000	104.810000	0.000000	0.000000
6939	3	4654	4653	47.770000	107.070000	0.000000	0.000000
5482	3	3680	3674	14.740000	112.960000	0.000000	0.000000
5528	3	3723	3670	11.930000	73.110000	0.000000	0.000000
5367	4	3581	3727	11.480000	46.640000	0.000000	0.000000
5462	2	3623	3660	12.280000	84.900000	0.000000	0.000000
5555	2	3687	3734	10.050000	76.090000	0.000000	0.000000
5556	2	3730	3724	9.835000	77.900000	0.000000	0.000000
5524	2	3722	3659	9.835000	86.000000	0.000000	0.000000
6032	2	4046	4029	11.685000	104.010000	0.000000	0.000000
5521	3	3720	3627	11.480000	37.260000	0.000000	0.000000
5530	4	3741	3725	11.930000	589.960000	0.000000	0.000000
5566	4	3741	3742	9.000000	27.290000	0.000000	0.000000
5501	4	3698	3699	20.060000	83.830000	0.000000	0.000000
5563	4	3698	3739	9.000000	34.850000	0.000000	0.000000
5571	4	3740	3709	10.240000	92.480000	0.000000	0.000000
5505	3	3746	3673	11.320000	47.120000	0.000000	0.000000
5476	3	3673	3672	24.600000	103.140000	0.000000	0.000000
5574	2	3713	3743	9.215000	100.140000	0.000000	0.000000
5579	2	3714	3744	12.105000	72.990000	0.000000	0.000000
5586	3	3748	3710	9.000000	26.340000	0.000000	0.000000
5577	3	3745	3676	11.480000	25.070000	0.000000	0.000000
5605	3	3759	3757	9.000000	43.100000	0.000000	0.000000
5471	3	3668	3665	55.880000	33.970000	0.000000	0.000000
6157	3	4128	4118	31.230000	66.770000	0.000000	0.000000
6080	3	4091	3628	22.720000	153.430000	0.000000	0.000000
5445	2	3630	3640	12.560000	95.330000	0.000000	0.000000
5443	2	3639	3638	10.240000	69.660000	0.000000	0.000000
6095	2	4097	4094	12.615000	81.660000	0.000000	0.000000
5447	2	3633	3641	16.425000	81.010000	0.000000	0.000000
5386	3	3637	3636	9.000000	51.370000	0.000000	0.000000
6199	3	4168	4167	9.000000	58.650000	0.000000	0.000000
6146	3	4118	3497	42.190000	89.680000	0.000000	0.000000
6846	1	4585	4596	43.110000	118.350000	0.000000	0.000000
6847	1	4585	4586	13.340000	47.430000	0.000000	0.000000
5235	1	3517	3518	11.930000	80.420000	0.000000	0.000000
5239	1	3517	3522	71.420000	110.900000	0.000000	0.000000
6213	2	3532	4122	10.830000	118.930000	0.000000	0.000000
5258	1	3533	3534	9.000000	51.000000	0.000000	0.000000
5262	1	3533	3536	18.580000	42.000000	0.000000	0.000000
6845	3	4584	4583	20.840000	65.890000	0.000000	0.000000
6844	3	4583	4582	23.340000	34.100000	0.000000	0.000000
6922	3	4638	4637	11.000000	72.470000	0.000000	0.000000
6918	3	4634	4633	11.320000	51.630000	0.000000	0.000000
6966	2	4616	4671	9.310000	80.720000	0.000000	0.000000
6967	2	4672	4673	9.000000	101.310000	0.000000	0.000000
6982	2	4618	4632	11.305000	91.200000	0.000000	0.000000
6905	1	4619	4621	24.530000	69.820000	0.000000	0.000000
7731	1	4619	5149	13.340000	37.220000	0.000000	0.000000
6159	3	4131	4126	9.430000	58.930000	0.000000	0.000000
6156	3	4129	4128	9.000000	35.470000	0.000000	0.000000
6149	3	4121	4119	30.250000	76.970000	0.000000	0.000000
6915	3	4631	4629	33.010000	24.150000	0.000000	0.000000
6913	3	4629	4627	32.240000	95.440000	0.000000	0.000000
6943	3	4658	4657	11.320000	56.280000	0.000000	0.000000
6912	3	4628	4627	10.670000	39.670000	0.000000	0.000000
6994	3	4683	4630	11.930000	63.210000	0.000000	0.000000
7020	3	4695	4658	9.000000	30.610000	0.000000	0.000000
7012	3	4691	4690	9.000000	70.050000	0.000000	0.000000
5339	3	3600	3599	54.330000	299.290000	0.000000	0.000000
6908	3	4624	4568	65.630000	340.880000	0.000000	0.000000
6952	3	4668	4655	9.000000	44.710000	0.000000	0.000000
7029	2	4664	4698	11.685000	91.230000	0.000000	0.000000
7024	2	4669	4688	8.720000	105.310000	0.000000	0.000000
7026	2	4667	4689	9.835000	109.210000	0.000000	0.000000
7037	2	4703	4702	9.000000	56.390000	0.000000	0.000000
5532	4	3727	3725	12.660000	49.110000	0.000000	0.000000
5533	4	3727	3728	9.000000	66.060000	0.000000	0.000000
5460	3	3660	3627	9.000000	39.160000	0.000000	0.000000
5548	3	3734	3669	9.430000	34.620000	0.000000	0.000000
5529	3	3724	3723	10.670000	80.070000	0.000000	0.000000
5459	3	3659	3626	9.000000	31.190000	0.000000	0.000000
6011	3	4029	4028	14.370000	47.060000	0.000000	0.000000
5375	3	3627	3626	13.340000	75.900000	0.000000	0.000000
5531	4	3725	3726	9.000000	40.890000	0.000000	0.000000
5569	4	3742	3708	10.160000	68.550000	0.000000	0.000000
5572	4	3699	3738	14.530000	126.130000	0.000000	0.000000
5582	4	3739	3702	9.310000	75.670000	0.000000	0.000000
5511	3	3709	3667	11.480000	73.000000	0.000000	0.000000
5475	3	3672	3671	27.470000	93.350000	0.000000	0.000000
5567	3	3743	3672	9.000000	27.560000	0.000000	0.000000
5576	3	3744	3676	9.000000	31.070000	0.000000	0.000000
5479	3	3676	3675	11.000000	70.840000	0.000000	0.000000
5468	3	3665	3662	58.610000	80.720000	0.000000	0.000000
5389	3	3640	3624	9.000000	42.370000	0.000000	0.000000
5387	3	3638	3636	11.480000	33.170000	0.000000	0.000000
6083	3	4094	4093	16.230000	72.360000	0.000000	0.000000
5390	3	3641	3624	13.610000	33.100000	0.000000	0.000000
5385	3	3636	3635	13.210000	201.250000	0.000000	0.000000
7788	3	3497	5171	52.630000	257.870000	0.000000	0.000000
6859	1	4596	4556	46.680000	110.550000	0.000000	0.000000
6860	1	4596	4597	18.960000	95.080000	0.000000	0.000000
6888	2	4586	4604	11.385000	101.450000	0.000000	0.000000
5236	1	3518	3519	11.320000	33.040000	0.000000	0.000000
5237	1	3518	3520	11.930000	34.940000	0.000000	0.000000
5240	1	3522	3523	12.660000	92.690000	0.000000	0.000000
7786	1	3522	5170	53.370000	333.920000	0.000000	0.000000
6150	3	4122	4121	12.660000	53.390000	0.000000	0.000000
5261	2	3534	3535	9.000000	92.850000	0.000000	0.000000
5263	1	3536	3537	12.660000	66.190000	0.000000	0.000000
5264	1	3536	3538	11.320000	51.560000	0.000000	0.000000
6843	3	4582	4580	34.010000	104.180000	0.000000	0.000000
6961	3	4671	4582	9.000000	39.640000	0.000000	0.000000
6963	3	4673	4581	9.000000	41.270000	0.000000	0.000000
6916	3	4632	4631	9.000000	51.060000	0.000000	0.000000
6906	1	4621	4622	15.210000	77.440000	0.000000	0.000000
6907	1	4621	4623	13.610000	67.180000	0.000000	0.000000
7733	2	5149	5148	13.275000	83.700000	0.000000	0.000000
6147	3	4119	3497	24.530000	72.160000	0.000000	0.000000
6911	3	4627	4625	30.480000	81.640000	0.000000	0.000000
6829	3	4568	4565	60.760000	247.290000	0.000000	0.000000
7028	3	4698	4697	9.000000	31.000000	0.000000	0.000000
7009	3	4688	4656	9.000000	39.050000	0.000000	0.000000
7010	3	4689	4654	9.000000	58.620000	0.000000	0.000000
7034	3	4702	4668	9.000000	26.460000	0.000000	0.000000
5534	4	3728	3663	10.540000	114.320000	0.000000	0.000000
5472	3	3669	3668	12.080000	95.400000	0.000000	0.000000
5374	3	3626	3625	14.740000	68.090000	0.000000	0.000000
5552	4	3726	3735	9.000000	71.000000	0.000000	0.000000
5510	3	3708	3667	11.320000	72.580000	0.000000	0.000000
5562	3	3738	3666	9.000000	33.320000	0.000000	0.000000
5584	3	3702	3746	9.620000	53.160000	0.000000	0.000000
5470	3	3667	3666	22.720000	110.720000	0.000000	0.000000
5463	3	3662	3661	59.250000	149.040000	0.000000	0.000000
5372	3	3624	3600	14.740000	68.250000	0.000000	0.000000
5208	3	5171	3495	54.850000	196.450000	0.000000	0.000000
6818	1	4556	4557	40.380000	108.400000	0.000000	0.000000
6832	1	4556	4571	26.420000	63.000000	0.000000	0.000000
6861	1	4597	4598	13.210000	38.090000	0.000000	0.000000
6862	1	4597	4599	9.000000	34.480000	0.000000	0.000000
6883	3	4604	4587	9.430000	37.670000	0.000000	0.000000
5252	2	3519	3500	13.265000	99.570000	0.000000	0.000000
5253	2	3520	3501	12.570000	119.980000	0.000000	0.000000
5242	1	3523	3526	7.550000	34.240000	0.000000	0.000000
5243	1	3523	3527	9.430000	36.850000	0.000000	0.000000
5259	3	3535	3521	9.000000	27.400000	0.000000	0.000000
6211	2	3537	4120	10.830000	81.430000	0.000000	0.000000
7790	2	3538	5172	14.205000	85.020000	0.000000	0.000000
6841	3	4580	4578	31.630000	28.130000	0.000000	0.000000
6842	3	4581	4580	12.660000	74.210000	0.000000	0.000000
6969	1	4622	4675	9.000000	32.800000	0.000000	0.000000
6970	1	4622	4676	9.430000	36.880000	0.000000	0.000000
6978	2	4623	4677	12.465000	83.780000	0.000000	0.000000
7738	3	5148	5151	13.210000	85.990000	0.000000	0.000000
6909	3	4625	4624	33.750000	100.950000	0.000000	0.000000
6826	3	4565	4564	69.610000	250.350000	0.000000	0.000000
5464	3	3663	3662	12.080000	90.800000	0.000000	0.000000
5549	3	3735	3669	9.000000	32.120000	0.000000	0.000000
5469	3	3666	3665	26.210000	95.340000	0.000000	0.000000
5206	3	3495	3494	57.600000	214.700000	0.000000	0.000000
6819	1	4557	4558	34.010000	72.260000	0.000000	0.000000
6830	1	4557	4569	24.600000	78.860000	0.000000	0.000000
6833	1	4571	4572	11.930000	94.670000	0.000000	0.000000
6834	1	4571	4573	16.980000	113.350000	0.000000	0.000000
6866	2	4598	3530	11.105000	53.320000	0.000000	0.000000
6869	2	4599	4555	10.240000	79.310000	0.000000	0.000000
6848	3	4587	4584	11.320000	97.030000	0.000000	0.000000
5210	3	3500	3496	15.210000	112.080000	0.000000	0.000000
5238	3	3501	3521	13.210000	63.020000	0.000000	0.000000
5246	2	3526	3524	10.380000	106.030000	0.000000	0.000000
5249	2	3527	3529	12.085000	69.420000	0.000000	0.000000
5211	3	3521	3496	16.980000	43.480000	0.000000	0.000000
6148	3	4120	4119	9.000000	37.340000	0.000000	0.000000
7789	3	5172	5171	17.090000	221.190000	0.000000	0.000000
6839	3	4578	4576	36.630000	139.410000	0.000000	0.000000
6972	2	4675	4674	10.465000	85.790000	0.000000	0.000000
6973	2	4676	4577	10.375000	88.390000	0.000000	0.000000
7736	3	4677	5151	11.320000	39.560000	0.000000	0.000000
7737	3	5151	4625	12.660000	50.430000	0.000000	0.000000
6820	1	4558	4559	26.480000	117.520000	0.000000	0.000000
6864	1	4558	4601	9.000000	47.020000	0.000000	0.000000
6831	1	4569	4570	15.560000	93.660000	0.000000	0.000000
6855	1	4569	4592	9.000000	44.460000	0.000000	0.000000
6887	2	4572	4603	10.465000	96.850000	0.000000	0.000000
6835	1	4573	4574	13.610000	45.090000	0.000000	0.000000
6836	1	4573	4575	13.340000	98.490000	0.000000	0.000000
5250	3	3530	3528	9.000000	28.850000	0.000000	0.000000
6817	3	4555	4554	11.480000	122.130000	0.000000	0.000000
5207	3	3496	3495	18.870000	378.350000	0.000000	0.000000
5241	3	3524	3525	13.210000	106.770000	0.000000	0.000000
5245	3	3529	3528	14.740000	68.760000	0.000000	0.000000
6837	3	4576	4568	37.070000	108.970000	0.000000	0.000000
6964	3	4674	4581	11.930000	31.440000	0.000000	0.000000
6838	3	4577	4576	11.320000	63.120000	0.000000	0.000000
6821	1	4559	4560	16.880000	85.390000	0.000000	0.000000
6853	1	4559	4590	9.000000	43.240000	0.000000	0.000000
6871	2	4601	4600	9.000000	94.260000	0.000000	0.000000
6876	2	4570	4591	12.280000	104.140000	0.000000	0.000000
6878	2	4592	4594	12.045000	97.840000	0.000000	0.000000
6882	3	4603	4587	9.000000	33.360000	0.000000	0.000000
6885	2	4574	4579	12.770000	115.380000	0.000000	0.000000
6880	2	4575	4593	11.170000	102.450000	0.000000	0.000000
5244	3	3528	3525	13.340000	97.170000	0.000000	0.000000
6816	3	4554	4553	15.090000	80.410000	0.000000	0.000000
6815	3	3525	4553	18.580000	95.470000	0.000000	0.000000
6872	2	4560	4595	12.940000	118.700000	0.000000	0.000000
6874	2	4590	4602	11.305000	58.530000	0.000000	0.000000
6863	3	4600	4554	9.000000	50.020000	0.000000	0.000000
6854	3	4591	4562	9.000000	28.660000	0.000000	0.000000
6857	3	4594	4566	15.090000	43.360000	0.000000	0.000000
6840	3	4579	4578	11.930000	77.280000	0.000000	0.000000
6856	3	4593	4566	9.000000	20.360000	0.000000	0.000000
6814	3	4553	4552	32.460000	207.480000	0.000000	0.000000
6858	3	4595	4552	9.000000	62.010000	0.000000	0.000000
6865	3	4602	4562	13.610000	33.540000	0.000000	0.000000
6823	3	4562	4561	11.000000	121.160000	0.000000	0.000000
6827	3	4566	4565	11.930000	155.180000	0.000000	0.000000
6812	3	4552	4537	28.050000	137.460000	0.000000	0.000000
30
INOD  IPRFL  PR/FL  HEMAT  IPRFL=0 FOR PRESSURE, 1 FOR FLOW B.C.
4952	1	-98.269350	0.107290
4458	1	-509.446941	0.182788
4499	1	-78.381567	0.102343
4423	1	-187.617790	0.168273
4448	1	-397.024923	0.201742
3969	1	-325.004100	0.211648
3769	1	-547.090735	0.234441
3763	1	-74.409691	0.202287
3798	1	-34.176088	0.168316
3694	1	-77.882528	0.241342
3661	1	-3170.394608	0.187192
3599	1	-2049.290283	0.194139
3635	1	-76.916654	0.226946
3613	1	-85.280004	0.227093
3619	1	-26.163921	0.146955
3494	1	-1054.642138	0.199530
4537	1	-292.114078	0.237991
4561	1	-69.909863	0.241241
5084	1	-346.789716	0.218853
5082	1	-1297.682289	0.178487
5014	1	-61.901405	0.186170
5024	1	-0.000010	0.000000
5013	1	-107.702689	0.201011
5028	1	-0.000010	0.000000
5170	1	-1307.286359	0.272193
4965	1	-362.151398	0.073637
5012	1	-187.657281	0.199719
5009	1	-57.819395	0.223659
4564	0	15.500331	0.204502
4956	1	15681.481000	0.200000
