Chicken Embryo CAM
818 XXX NSEG NNOD



SEGMENT NAME   TYPE   FROM       TO    DIAM   LENGTH  HDmes  VELmes
3	1	4	5	62.81	32.25	0.50	0.00
4	1	5	6	71.81	128.01	0.51	0.00
5	1	6	7	71.12	30.74	0.51	0.00
6	1	7	8	70.14	83.11	0.51	0.00
7	1	8	9	79.41	166.27	0.52	0.00
9	1	9	11	81.08	28.44	0.52	0.00
10	1	11	12	92.80	36.05	0.53	0.00
11	1	12	13	78.74	115.54	0.53	0.00
12	1	13	14	71.39	68.79	0.53	0.00
13	1	14	15	80.74	74.47	0.54	0.00
14	1	15	16	75.57	169.47	0.54	0.00
15	1	16	17	77.48	47.64	0.55	0.00
16	1	17	18	79.97	64.01	0.55	0.00
17	1	18	19	68.89	41.80	0.55	0.00
18	1	19	20	70.36	40.63	0.56	0.00
19	1	20	105	69.74	111.29	0.56	0.00
20	1	4	21	13.36	346.38	0.06	0.00
21	1	21	22	17.02	54.35	0.06	0.00
25	3	25	24	18.18	99.64	0.50	0.00
26	3	24	26	30.46	62.47	0.48	0.00
27	3	26	27	26.85	115.66	0.49	0.00
34	1	6	33	13.76	180.69	0.21	0.00
35	2	33	34	15.70	167.56	0.17	0.00
36	2	21	34	12.96	63.83	0.01	0.00
37	3	34	35	15.02	51.12	0.14	0.00
38	2	22	35	16.86	76.76	0.07	0.00
39	3	35	36	27.70	32.66	0.11	0.00
40	3	36	37	31.72	75.58	0.35	0.00
41	3	26	38	20.93	65.71	0.26	0.00
42	3	37	38	32.89	83.79	0.34	0.00
44	3	38	340	26.71	191.75	0.33	0.00
45	2	33	40	16.59	34.08	0.24	0.00
47	3	40	36	28.57	220.60	0.41	0.00
48	3	37	42	30.42	79.42	0.36	0.00
49	3	42	43	30.05	78.72	0.35	0.00
50	3	43	44	40.10	41.19	0.35	0.00
51	3	44	338	33.76	102.07	0.35	0.00
52	1	7	45	30.10	80.11	0.06	0.00
53	2	45	46	14.97	105.41	0.06	0.00
54	2	5	46	15.30	127.10	0.00	0.00
55	3	46	30	19.33	47.77	0.02	0.00
56	1	45	47	16.78	148.52	0.06	0.00
58	1	8	48	20.30	125.74	0.43	0.00
59	2	48	40	19.33	87.41	0.46	0.00
61	2	48	50	19.02	206.39	0.39	0.00
62	3	50	42	25.41	201.38	0.35	0.00
63	1	9	51	14.90	240.20	0.25	0.00
64	1	51	52	24.00	81.72	0.29	0.00
65	2	52	50	20.01	67.61	0.30	0.00
66	2	52	54	15.70	197.83	0.25	0.00
67	3	54	43	20.01	101.99	0.31	0.00
68	1	11	55	15.82	83.51	0.12	0.00
69	1	55	59	18.63	301.37	0.13	0.00
71	1	55	60	15.12	99.84	0.09	0.00
74	1	12	63	34.30	241.94	0.42	0.00
79	1	13	68	36.02	157.32	0.51	0.00
80	1	68	51	15.33	227.77	0.34	0.00
81	1	68	70	38.43	93.72	0.52	0.00
82	1	70	71	26.37	334.93	0.52	0.00
83	2	71	54	17.15	138.92	0.37	0.00
84	2	71	72	36.76	42.01	0.54	0.00
86	3	72	74	26.37	53.50	0.53	0.00
87	3	74	75	30.85	94.44	0.54	0.00
88	3	75	44	23.49	126.47	0.44	0.00
89	3	75	346	30.57	384.36	0.55	0.00
90	3	74	328	19.52	267.59	0.50	0.00
91	2	76	72	11.69	153.09	0.23	0.00
92	2	14	77	19.33	414.31	0.29	0.00
93	3	77	78	24.85	194.94	0.24	0.00
94	1	15	79	17.96	240.08	0.39	0.00
95	1	79	80	21.77	62.62	0.37	0.00
97	1	70	84	35.21	184.05	0.52	0.00
100	1	84	76	24.59	201.68	0.49	0.00
102	1	84	85	21.70	72.39	0.54	0.00
103	2	85	320	20.24	184.22	0.49	0.00
104	2	85	86	17.83	32.39	0.57	0.00
105	2	80	86	14.81	192.13	0.30	0.00
106	3	86	318	30.46	185.39	0.53	0.00
107	1	16	87	23.37	141.77	0.44	0.00
108	1	87	79	12.61	105.70	0.31	0.00
109	1	87	88	16.69	39.34	0.46	0.00
110	1	88	89	19.52	103.71	0.49	0.00
111	2	80	90	18.63	58.11	0.39	0.00
112	2	89	90	19.37	34.03	0.51	0.00
113	2	88	91	14.14	67.53	0.32	0.00
114	3	90	92	24.29	240.48	0.44	0.00
115	3	92	94	28.43	39.59	0.44	0.00
116	2	89	95	23.02	52.79	0.48	0.00
117	2	17	77	15.12	302.88	0.11	0.00
118	2	18	96	16.31	320.36	0.21	0.00
119	1	19	97	22.69	64.13	0.44	0.00
120	2	97	91	14.25	164.42	0.37	0.00
121	3	91	95	17.15	102.21	0.35	0.00
122	3	95	98	20.30	55.92	0.41	0.00
124	3	100	92	25.10	111.44	0.44	0.00
125	2	97	101	20.10	152.20	0.46	0.00
126	3	101	102	16.78	36.47	0.44	0.00
127	3	102	98	23.13	160.67	0.44	0.00
128	2	103	102	17.96	64.44	0.00	0.00
129	3	98	100	27.96	38.22	0.43	0.00
130	3	100	104	20.31	188.72	0.33	0.00
133	2	20	96	15.02	318.98	0.08	0.00
134	3	96	78	20.30	65.77	0.15	0.00
135	1	105	106	81.32	43.23	0.57	0.00
136	1	106	107	74.82	127.81	0.57	0.00
137	1	107	108	45.98	77.86	0.58	0.00
138	1	107	109	75.25	44.66	0.56	0.00
139	1	108	110	51.27	110.10	0.59	0.00
140	1	110	111	51.85	145.97	0.59	0.00
141	1	111	112	55.17	38.97	0.60	0.00
142	1	112	113	52.26	149.90	0.61	0.00
143	1	113	114	51.24	119.24	0.61	0.00
144	1	109	115	70.82	185.96	0.57	0.00
145	1	115	116	56.32	123.71	0.57	0.00
146	1	116	117	58.07	70.85	0.58	0.00
147	1	117	118	50.83	78.13	0.59	0.00
148	1	118	119	48.66	109.69	0.59	0.00
149	1	119	178	46.55	128.68	0.59	0.00
150	1	105	120	30.54	183.77	0.39	0.00
151	1	120	121	23.86	275.99	0.40	0.00
153	1	120	122	23.20	135.98	0.37	0.00
154	2	122	123	16.69	101.16	0.30	0.00
155	2	122	123	23.86	123.01	0.39	0.00
157	3	123	125	26.91	64.46	0.37	0.00
158	1	106	126	20.64	167.13	0.46	0.00
159	2	126	101	20.14	58.68	0.11	0.00
160	1	126	103	20.10	83.55	0.48	0.00
161	1	108	127	27.70	145.28	0.51	0.00
162	2	127	128	21.95	210.50	0.53	0.00
163	2	127	129	19.33	96.03	0.48	0.00
164	3	129	130	27.59	77.86	0.54	0.00
165	3	130	128	23.68	83.85	0.54	0.00
166	3	128	132	24.79	75.48	0.54	0.00
167	3	130	133	14.10	178.82	0.55	0.00
168	1	109	134	18.63	162.38	0.44	0.00
169	1	134	135	17.27	227.30	0.48	0.00
172	2	134	137	18.66	88.22	0.33	0.00
173	2	137	139	17.42	25.05	0.51	0.00
174	2	139	140	22.63	119.12	0.53	0.00
175	2	135	140	18.00	91.40	0.50	0.00
176	3	140	141	30.10	101.48	0.53	0.00
177	2	139	142	13.43	225.91	0.18	0.00
178	1	115	137	25.41	180.96	0.52	0.00
179	1	116	144	33.75	124.89	0.52	0.00
180	1	144	145	24.79	100.69	0.54	0.00
181	2	144	146	15.70	107.67	0.39	0.00
182	2	145	142	15.38	166.22	0.47	0.00
183	2	110	147	15.12	252.22	0.08	0.00
184	1	112	148	41.12	59.01	0.56	0.00
185	2	148	147	21.70	71.44	0.44	0.00
186	2	148	156	29.75	256.26	0.57	0.00
187	3	147	149	20.87	253.95	0.30	0.00
188	2	117	149	20.11	250.87	0.43	0.00
189	2	118	146	38.76	107.25	0.59	0.00
191	3	146	151	37.41	67.36	0.58	0.00
192	3	151	286	21.14	159.91	0.47	0.00
193	3	151	152	24.00	24.77	0.59	0.00
194	2	119	152	11.80	179.86	0.12	0.00
195	1	113	153	30.06	149.45	0.60	0.00
196	1	114	154	31.76	125.61	0.62	0.00
197	3	78	155	27.70	39.93	0.20	0.00
198	1	114	157	36.63	89.99	0.56	0.00
199	1	157	158	37.72	44.40	0.57	0.00
200	1	158	159	33.44	40.36	0.58	0.00
201	2	157	160	20.64	181.02	0.54	0.00
202	2	158	161	21.30	107.81	0.51	0.00
203	2	159	161	17.96	113.47	0.41	0.00
204	3	161	166	27.59	206.06	0.48	0.00
205	3	156	160	36.38	79.52	0.54	0.00
206	3	164	156	21.77	131.13	0.35	0.00
207	3	149	164	23.38	70.29	0.38	0.00
208	1	159	165	31.88	236.28	0.59	0.00
209	3	166	167	21.70	92.95	0.41	0.00
210	2	168	166	26.45	68.38	0.05	0.00
211	1	169	168	24.79	44.18	0.50	0.00
212	2	168	170	31.76	103.90	0.51	0.00
213	2	165	167	20.03	77.62	0.38	0.00
214	3	167	170	21.55	64.93	0.40	0.00
215	2	165	171	23.05	43.49	0.61	0.00
216	3	170	171	41.87	80.90	0.50	0.00
217	3	171	172	38.54	58.20	0.52	0.00
218	3	172	173	37.26	62.45	0.54	0.00
219	3	172	174	28.43	107.34	0.49	0.00
222	3	173	174	39.94	50.00	0.53	0.00
223	3	164	175	25.92	53.65	0.40	0.00
224	3	175	176	30.46	211.88	0.41	0.00
225	3	175	177	14.10	169.55	0.30	0.00
227	2	178	179	21.10	127.11	0.51	0.00
228	1	178	180	41.32	62.90	0.60	0.00
229	2	180	179	27.17	136.30	0.55	0.00
230	3	179	259	27.28	507.69	0.53	0.00
231	2	180	176	40.01	125.95	0.61	0.00
234	3	176	183	39.27	34.00	0.60	0.00
235	3	183	184	22.34	191.03	0.49	0.00
236	3	177	184	33.00	171.77	0.54	0.00
237	3	184	185	31.75	29.84	0.53	0.00
238	3	174	186	42.26	97.62	0.52	0.00
239	3	186	185	34.04	113.72	0.52	0.00
240	3	185	187	40.28	88.13	0.53	0.00
241	3	187	189	40.37	197.93	0.54	0.00
243	3	187	191	25.22	153.83	0.45	0.00
244	3	183	192	38.51	155.56	0.61	0.00
247	3	192	262	33.00	124.23	0.62	0.00
248	1	194	195	52.17	37.00	0.50	0.00
249	1	195	196	40.88	131.51	0.51	0.00
250	1	196	205	25.41	154.16	0.44	0.00
251	2	196	208	41.28	225.16	0.52	0.00
252	1	195	197	46.97	212.83	0.49	0.00
253	2	197	198	26.93	150.80	0.49	0.00
254	2	197	198	27.17	156.49	0.49	0.00
255	3	198	199	42.26	244.51	0.49	0.00
256	3	186	199	35.41	216.45	0.52	0.00
257	3	199	200	43.91	79.29	0.50	0.00
258	3	200	191	56.69	67.78	0.50	0.00
259	3	191	189	64.39	93.50	0.49	0.00
265	3	204	207	89.84	75.70	0.50	0.00
266	3	207	208	21.55	253.27	0.00	0.00
267	3	208	209	44.00	371.36	0.50	0.00
268	3	207	210	93.89	55.51	0.50	0.00
269	3	210	211	54.50	419.80	0.48	0.00
271	3	210	213	84.95	399.38	0.51	0.00
272	3	213	214	27.59	285.89	0.26	0.00
273	3	211	209	37.31	83.88	0.49	0.00
274	3	209	200	55.55	167.68	0.49	0.00
275	3	213	216	104.35	175.08	0.51	0.00
276	3	211	217	27.96	171.69	0.43	0.00
277	3	214	217	18.79	91.79	0.25	0.00
278	3	214	218	18.44	49.68	0.26	0.00
279	3	216	219	31.75	177.67	0.37	0.00
280	3	219	218	24.68	103.14	0.37	0.00
281	3	219	220	25.39	65.25	0.36	0.00
283	3	217	222	31.72	28.07	0.40	0.00
284	3	218	223	23.59	33.52	0.33	0.00
285	3	223	222	20.24	51.05	0.23	0.00
286	3	223	224	25.39	53.92	0.35	0.00
287	3	220	224	22.06	142.40	0.36	0.00
293	3	225	227	27.21	126.79	0.38	0.00
294	3	227	228	41.12	39.05	0.39	0.00
295	3	225	229	24.29	67.13	0.37	0.00
296	3	189	230	63.53	59.82	0.50	0.00
298	3	230	231	67.29	227.98	0.51	0.00
299	3	232	229	25.93	153.84	0.43	0.00
300	3	229	227	26.66	51.85	0.40	0.00
301	3	228	235	41.74	228.90	0.40	0.00
302	3	220	236	13.43	74.42	0.00	0.00
303	3	216	237	95.52	42.89	0.51	0.00
304	3	237	236	48.32	162.83	0.48	0.00
305	3	237	238	84.27	214.04	0.52	0.00
306	3	238	239	27.59	154.72	0.27	0.00
307	3	238	239	73.84	69.91	0.52	0.00
308	3	239	240	81.84	166.94	0.52	0.00
309	3	236	232	48.92	147.63	0.48	0.00
310	3	232	241	39.04	250.48	0.49	0.00
311	3	228	242	28.81	172.44	0.31	0.00
312	3	240	243	83.69	267.66	0.51	0.00
313	3	243	241	83.69	38.09	0.51	0.00
315	3	241	242	83.05	69.27	0.51	0.00
317	3	242	235	81.83	78.93	0.51	0.00
319	3	248	249	23.22	186.18	0.36	0.00
320	3	249	250	22.26	52.47	0.35	0.00
321	3	250	243	20.87	164.99	0.35	0.00
322	3	251	249	16.63	48.82	0.08	0.00
323	3	251	252	22.22	63.66	0.45	0.00
324	3	250	252	19.33	89.94	0.34	0.00
325	3	252	253	26.92	65.81	0.43	0.00
327	3	425	253	26.91	105.28	0.48	0.00
328	3	253	257	34.10	175.43	0.46	0.00
329	3	192	261	23.86	149.34	0.56	0.00
330	3	230	262	30.49	106.53	0.08	0.00
331	3	262	261	40.03	44.87	0.59	0.00
332	3	231	263	15.38	120.50	0.00	0.00
333	3	235	263	88.30	145.89	0.50	0.00
334	3	261	264	50.52	176.95	0.59	0.00
335	3	231	264	64.89	56.80	0.51	0.00
338	3	263	265	78.56	117.42	0.50	0.00
339	3	152	266	33.76	305.34	0.59	0.00
340	3	266	267	35.06	205.25	0.60	0.00
344	3	270	271	42.90	82.79	0.47	0.00
345	3	265	271	96.15	35.79	0.51	0.00
346	3	272	257	25.90	62.19	0.43	0.00
347	3	257	270	34.10	59.77	0.45	0.00
348	3	274	275	49.58	210.85	0.48	0.00
349	3	271	275	93.09	97.30	0.50	0.00
350	3	275	259	99.19	82.00	0.50	0.00
351	3	259	278	104.30	103.39	0.50	0.00
352	3	405	278	21.25	174.49	0.30	0.00
355	3	278	279	100.57	117.16	0.50	0.00
356	3	279	267	100.76	35.00	0.50	0.00
357	3	267	282	114.80	45.20	0.50	0.00
358	3	282	283	105.11	123.90	0.50	0.00
361	3	285	268	24.08	92.65	0.52	0.00
362	3	266	268	30.49	178.39	0.55	0.00
363	3	268	390	28.38	153.89	0.54	0.00
364	2	145	286	22.69	98.93	0.55	0.00
365	3	286	287	26.93	148.07	0.53	0.00
366	3	287	285	22.69	209.58	0.53	0.00
367	3	287	288	25.29	154.81	0.53	0.00
368	3	142	288	23.60	185.35	0.40	0.00
369	3	288	290	34.10	25.43	0.49	0.00
370	3	290	291	11.80	270.50	0.10	0.00
372	3	290	293	25.39	118.92	0.50	0.00
373	3	141	294	19.02	198.47	0.33	0.00
374	3	294	293	15.82	59.04	0.34	0.00
375	3	141	295	29.61	104.53	0.54	0.00
376	3	295	296	36.02	120.74	0.51	0.00
377	3	296	297	18.96	108.10	0.31	0.00
378	3	296	298	33.43	31.83	0.52	0.00
379	3	294	298	11.96	95.92	0.33	0.00
380	3	298	299	37.06	141.86	0.52	0.00
381	3	293	299	27.17	173.51	0.49	0.00
382	3	299	300	35.10	89.24	0.51	0.00
383	1	135	301	16.59	98.55	0.44	0.00
386	2	301	303	12.69	88.92	0.43	0.00
387	3	104	303	24.79	33.11	0.45	0.00
389	3	303	304	45.37	31.14	0.45	0.00
390	3	304	305	20.64	85.48	0.44	0.00
391	3	304	295	24.59	82.45	0.45	0.00
392	3	305	297	27.17	99.58	0.40	0.00
393	3	94	306	34.04	302.05	0.46	0.00
394	3	94	305	28.53	189.55	0.36	0.00
395	3	297	306	29.89	133.75	0.39	0.00
396	3	306	307	46.54	21.99	0.44	0.00
397	3	307	308	38.74	151.07	0.45	0.00
398	3	307	300	26.08	242.79	0.37	0.00
399	3	308	316	26.45	206.02	0.44	0.00
400	3	308	309	29.89	140.67	0.45	0.00
401	3	285	291	28.10	128.67	0.53	0.00
402	3	291	391	19.33	130.39	0.51	0.00
403	3	300	310	39.04	94.81	0.49	0.00
404	3	311	310	98.03	84.49	0.51	0.00
405	3	310	312	107.67	60.35	0.51	0.00
407	3	312	309	124.25	128.87	0.51	0.00
408	3	309	314	115.53	52.12	0.51	0.00
410	3	314	316	119.01	156.56	0.51	0.00
411	3	316	317	125.90	120.59	0.51	0.00
413	3	318	319	22.26	362.40	0.49	0.00
414	2	322	320	15.33	122.40	0.44	0.00
415	1	76	322	22.26	74.84	0.50	0.00
416	2	322	323	19.02	187.72	0.52	0.00
417	3	320	324	23.37	102.74	0.48	0.00
418	3	318	324	27.21	161.09	0.55	0.00
419	3	324	325	32.10	94.56	0.51	0.00
420	3	325	319	31.89	61.66	0.53	0.00
421	3	325	323	24.29	138.98	0.46	0.00
422	3	323	326	29.89	34.48	0.50	0.00
423	3	326	327	34.04	139.49	0.51	0.00
424	3	326	328	19.90	123.66	0.41	0.00
425	3	328	329	34.13	170.98	0.48	0.00
426	3	329	330	30.06	156.19	0.49	0.00
427	3	329	331	26.71	159.35	0.45	0.00
429	3	317	332	122.33	47.17	0.51	0.00
433	3	327	333	39.49	128.24	0.53	0.00
434	3	332	333	127.37	157.58	0.51	0.00
435	3	333	334	123.68	41.68	0.51	0.00
436	3	334	331	137.56	34.38	0.51	0.00
437	3	331	330	135.60	55.71	0.51	0.00
438	3	330	336	129.20	121.33	0.51	0.00
441	3	340	338	26.31	88.46	0.35	0.00
442	3	340	341	29.61	35.47	0.29	0.00
446	3	338	344	38.43	88.05	0.35	0.00
447	3	344	345	24.95	137.50	0.36	0.00
448	3	344	346	30.10	162.26	0.35	0.00
451	3	348	349	28.27	147.99	0.48	0.00
452	3	348	350	36.43	61.08	0.54	0.00
453	3	350	351	36.02	252.17	0.54	0.00
455	3	349	352	27.70	74.51	0.48	0.00
456	3	352	351	24.79	85.02	0.48	0.00
458	1	354	355	34.62	135.21	0.57	0.00
462	1	355	357	29.13	111.87	0.57	0.00
463	2	357	358	10.55	82.20	0.00	0.00
464	2	357	359	32.89	96.73	0.58	0.00
465	3	351	360	43.57	79.87	0.52	0.00
466	3	360	361	32.83	153.89	0.51	0.00
467	3	360	358	38.92	49.37	0.53	0.00
468	3	358	359	39.70	79.11	0.53	0.00
469	3	359	362	44.66	122.67	0.55	0.00
470	3	362	363	36.43	194.14	0.52	0.00
471	3	363	317	39.98	176.13	0.54	0.00
472	3	362	365	44.13	225.46	0.56	0.00
473	3	365	366	38.79	143.11	0.55	0.00
474	3	365	367	40.17	63.68	0.56	0.00
475	3	368	367	16.69	95.64	0.43	0.00
476	3	367	366	44.83	55.60	0.54	0.00
478	3	366	370	46.67	61.19	0.54	0.00
480	3	370	334	40.61	231.17	0.55	0.00
483	3	372	368	20.76	196.58	0.38	0.00
484	3	373	372	17.42	134.14	0.39	0.00
486	3	375	376	31.86	58.97	0.48	0.00
487	3	376	377	33.33	73.62	0.49	0.00
488	3	378	375	32.96	125.94	0.47	0.00
489	3	379	380	24.79	220.44	0.45	0.00
491	3	380	381	27.21	91.34	0.45	0.00
492	3	381	378	13.76	329.07	0.25	0.00
493	3	381	373	24.46	171.61	0.47	0.00
494	3	373	378	24.79	86.05	0.49	0.00
495	3	361	383	48.92	100.87	0.52	0.00
496	3	383	315	22.22	139.51	0.46	0.00
497	3	383	385	45.46	57.22	0.53	0.00
498	3	385	315	22.56	112.30	0.47	0.00
499	3	385	363	34.87	98.98	0.54	0.00
500	3	386	387	33.27	196.25	0.54	0.00
501	3	387	312	28.63	201.59	0.55	0.00
502	3	387	361	46.13	148.90	0.54	0.00
503	2	388	350	28.49	68.48	0.45	0.00
504	2	388	386	29.54	128.10	0.57	0.00
505	3	389	348	35.24	117.10	0.53	0.00
506	3	380	368	21.10	327.20	0.45	0.00
508	2	355	352	10.65	131.27	0.00	0.00
509	2	354	349	21.67	70.51	0.46	0.00
510	3	283	390	117.40	55.02	0.51	0.00
511	3	390	391	106.62	205.18	0.51	0.00
513	3	391	392	111.12	45.28	0.51	0.00
514	3	392	311	120.67	185.23	0.51	0.00
515	3	394	392	29.80	242.22	0.59	0.00
517	1	396	397	50.19	46.79	0.58	0.00
518	1	397	398	53.52	220.81	0.59	0.00
520	3	400	399	40.94	91.72	0.44	0.00
521	3	399	402	48.25	40.62	0.54	0.00
522	3	402	403	39.98	167.05	0.55	0.00
523	3	402	404	28.38	108.87	0.52	0.00
524	3	400	405	60.19	65.83	0.50	0.00
525	3	405	407	47.02	64.67	0.51	0.00
526	3	407	279	40.10	84.66	0.50	0.00
527	3	407	404	42.94	43.86	0.51	0.00
528	3	404	282	51.94	77.15	0.52	0.00
529	3	403	283	44.93	109.08	0.54	0.00
530	1	398	410	34.12	57.08	0.59	0.00
531	2	410	403	18.44	312.88	0.50	0.00
532	2	410	412	34.12	83.49	0.60	0.00
534	1	397	413	25.90	155.41	0.54	0.00
535	2	413	414	30.43	200.42	0.56	0.00
536	3	414	415	33.39	213.75	0.55	0.00
537	3	412	416	32.50	258.40	0.59	0.00
538	3	416	394	35.34	184.72	0.58	0.00
539	3	416	417	30.49	110.88	0.60	0.00
540	3	394	417	24.79	75.78	0.54	0.00
541	3	417	311	41.36	439.88	0.59	0.00
542	3	415	386	38.79	254.07	0.54	0.00
544	1	419	420	34.04	133.16	0.53	0.00
545	1	420	388	27.17	151.77	0.54	0.00
546	2	420	415	28.30	159.49	0.50	0.00
547	2	419	389	47.02	85.02	0.55	0.00
548	2	413	412	18.44	135.60	0.41	0.00
550	3	248	421	69.93	140.40	0.49	0.00
551	3	421	251	26.76	123.47	0.44	0.00
552	3	421	423	47.44	52.74	0.50	0.00
553	3	423	424	62.83	40.12	0.49	0.00
554	3	424	425	32.68	103.47	0.46	0.00
555	3	424	426	55.71	44.18	0.49	0.00
556	3	427	426	21.70	148.79	0.00	0.00
557	3	428	427	79.63	77.55	0.48	0.00
558	3	429	428	61.86	179.44	0.49	0.00
560	3	433	435	41.52	158.63	0.52	0.00
561	3	435	429	75.12	36.03	0.49	0.00
562	3	433	436	28.32	65.22	0.45	0.00
563	3	436	429	24.00	196.83	0.43	0.00
564	3	436	437	28.30	168.13	0.47	0.00
566	3	440	437	21.52	113.74	0.45	0.00
567	3	437	441	30.05	248.39	0.46	0.00
568	3	440	442	26.31	164.70	0.49	0.00
569	3	442	443	53.65	189.61	0.51	0.00
570	1	398	444	30.95	161.50	0.58	0.00
571	2	444	443	13.43	262.33	0.17	0.00
572	2	444	399	30.10	201.62	0.59	0.00
573	3	443	446	40.61	78.94	0.50	0.00
574	3	446	447	28.27	164.40	0.45	0.00
575	3	446	448	40.20	106.42	0.51	0.00
576	3	448	447	64.55	84.66	0.50	0.00
577	3	447	400	67.01	90.58	0.50	0.00
578	3	427	441	66.20	159.02	0.49	0.00
579	3	441	449	74.18	190.13	0.48	0.00
584	3	449	454	43.31	75.82	0.47	0.00
586	3	455	448	59.60	111.29	0.49	0.00
587	3	425	457	30.54	69.36	0.42	0.00
588	3	426	457	47.07	100.58	0.49	0.00
589	3	457	458	54.87	118.08	0.48	0.00
590	3	458	272	37.65	79.62	0.49	0.00
591	3	458	454	31.11	83.58	0.47	0.00
595	3	459	428	44.91	457.84	0.45	0.00
596	3	459	461	90.15	25.15	0.49	0.00
597	3	461	462	34.36	198.74	0.39	0.00
599	3	464	465	82.36	65.24	0.48	0.00
600	3	463	462	22.06	93.50	0.18	0.00
601	3	463	466	62.62	149.05	0.50	0.00
602	3	462	466	33.39	114.14	0.36	0.00
605	3	467	468	18.36	238.06	0.00	0.00
606	3	467	468	78.30	118.77	0.49	0.00
607	3	468	240	61.41	158.43	0.49	0.00
608	3	465	423	42.90	444.45	0.47	0.00
609	3	465	248	51.71	245.87	0.49	0.00
612	3	469	627	47.12	98.70	0.48	0.00
613	3	469	471	26.22	256.17	0.34	0.00
615	3	472	473	85.72	75.52	0.47	0.00
616	3	473	471	89.46	51.43	0.47	0.00
617	3	471	474	85.48	120.34	0.47	0.00
618	3	474	475	99.17	171.12	0.47	0.00
620	3	475	435	66.66	421.43	0.47	0.00
621	2	476	477	20.24	92.95	0.55	0.00
622	3	477	472	36.43	255.62	0.53	0.00
623	1	476	478	33.55	103.45	0.51	0.00
624	2	478	479	24.71	83.11	0.52	0.00
625	2	478	479	17.02	62.02	0.46	0.00
626	3	479	480	27.28	140.09	0.51	0.00
627	3	480	473	25.29	301.78	0.51	0.00
628	3	480	482	27.03	76.78	0.51	0.00
629	3	482	483	23.38	151.00	0.52	0.00
630	3	483	474	26.16	276.41	0.49	0.00
631	3	484	483	19.02	301.63	0.21	0.00
632	3	482	485	25.30	85.17	0.50	0.00
633	2	486	487	23.38	264.28	0.55	0.00
635	2	488	487	16.61	182.24	0.40	0.00
636	3	487	485	26.85	66.35	0.53	0.00
637	3	485	484	42.48	175.14	0.52	0.00
638	3	484	489	33.70	66.87	0.53	0.00
639	3	489	433	42.90	42.33	0.51	0.00
641	2	490	491	6.68	138.58	0.00	0.00
642	2	490	492	17.83	372.55	0.22	0.00
644	1	493	494	60.55	179.70	0.57	0.00
645	2	494	492	35.07	206.96	0.55	0.00
646	1	494	396	57.25	120.74	0.57	0.00
647	2	396	495	20.46	358.23	0.33	0.00
648	3	492	495	40.26	71.43	0.53	0.00
649	3	495	496	33.10	53.01	0.51	0.00
650	3	496	497	28.27	402.40	0.49	0.00
651	3	496	497	30.46	284.57	0.53	0.00
652	3	497	442	30.10	86.69	0.51	0.00
653	3	491	498	30.43	79.63	0.33	0.00
654	3	498	499	34.28	194.48	0.35	0.00
656	3	500	501	43.47	228.38	0.44	0.00
657	2	488	501	36.02	197.83	0.62	0.00
658	3	501	502	48.43	46.33	0.50	0.00
659	3	502	440	38.04	191.29	0.48	0.00
660	3	502	489	53.00	192.67	0.51	0.00
661	3	503	504	28.43	124.52	0.57	0.00
662	3	503	505	10.55	205.90	0.00	0.00
663	3	499	505	41.70	130.24	0.38	0.00
664	3	505	500	37.25	117.58	0.38	0.00
665	3	504	500	36.44	109.15	0.55	0.00
666	2	506	504	17.65	113.63	0.38	0.00
667	1	486	506	31.64	101.05	0.60	0.00
668	1	506	488	35.77	75.65	0.61	0.00
669	1	507	508	45.07	164.34	0.56	0.00
670	1	508	509	44.93	54.12	0.57	0.00
671	1	508	510	28.49	187.37	0.55	0.00
673	1	509	527	39.98	77.73	0.57	0.00
674	1	509	511	30.10	131.33	0.55	0.00
675	1	511	510	23.91	97.29	0.56	0.00
676	1	511	525	19.52	289.16	0.55	0.00
678	1	507	512	22.22	132.70	0.51	0.00
679	2	512	513	17.93	148.80	0.41	0.00
680	2	512	514	25.53	235.98	0.53	0.00
681	3	515	513	18.18	94.10	0.23	0.00
684	3	514	516	29.14	133.92	0.47	0.00
685	3	515	517	27.59	218.04	0.30	0.00
686	3	517	516	33.23	120.76	0.47	0.00
688	3	518	389	18.66	130.75	0.42	0.00
689	3	518	379	42.33	460.01	0.47	0.00
691	2	520	517	36.40	89.15	0.52	0.00
692	1	520	521	31.31	181.93	0.53	0.00
693	1	493	522	40.28	204.68	0.55	0.00
695	1	522	521	36.55	125.55	0.55	0.00
699	3	379	523	39.66	73.77	0.48	0.00
700	3	523	524	45.81	93.72	0.48	0.00
701	2	525	523	16.86	142.34	0.30	0.00
702	2	525	524	26.72	105.90	0.57	0.00
703	3	524	526	50.28	246.53	0.49	0.00
704	2	527	528	23.43	252.15	0.57	0.00
705	1	527	529	28.32	38.62	0.57	0.00
706	2	529	530	16.61	56.25	0.46	0.00
707	2	529	530	30.65	88.24	0.59	0.00
708	3	530	531	23.13	100.31	0.57	0.00
709	3	531	532	13.36	131.47	0.00	0.00
710	3	531	528	27.28	63.65	0.58	0.00
711	3	528	533	31.75	38.97	0.58	0.00
712	3	533	526	35.41	319.91	0.58	0.00
713	3	533	534	28.49	215.15	0.57	0.00
714	3	532	535	34.21	365.67	0.40	0.00
715	2	536	537	21.67	117.97	0.54	0.00
716	3	537	538	32.20	49.58	0.49	0.00
717	3	539	538	23.13	60.87	0.18	0.00
718	3	535	539	14.31	44.73	0.16	0.00
719	3	539	540	17.96	88.59	0.12	0.00
720	3	535	534	35.41	66.93	0.41	0.00
721	3	534	540	56.81	74.04	0.45	0.00
722	3	540	541	54.29	93.78	0.45	0.00
723	3	541	542	23.43	145.83	0.38	0.00
724	3	526	543	48.66	149.51	0.52	0.00
725	3	543	542	42.52	59.97	0.53	0.00
726	3	543	376	26.93	340.11	0.49	0.00
728	1	510	354	28.49	407.88	0.56	0.00
729	3	513	514	21.70	168.50	0.33	0.00
730	3	516	518	43.53	134.08	0.47	0.00
731	3	538	544	38.77	236.77	0.46	0.00
732	3	541	544	50.51	67.22	0.46	0.00
733	3	544	545	47.09	52.50	0.46	0.00
734	2	536	545	24.85	445.76	0.49	0.00
736	1	546	547	48.66	192.67	0.51	0.00
738	1	547	548	40.20	31.03	0.51	0.00
739	2	548	549	14.90	252.64	0.27	0.00
740	1	548	550	42.48	220.24	0.52	0.00
741	2	550	587	15.70	359.14	0.20	0.00
742	1	550	551	47.78	30.69	0.53	0.00
743	1	551	552	14.97	83.20	0.31	0.00
744	1	551	553	40.10	54.82	0.54	0.00
745	2	553	554	18.18	66.40	0.39	0.00
746	2	552	554	16.78	57.03	0.14	0.00
747	3	554	555	18.00	163.45	0.37	0.00
748	3	549	556	17.02	37.45	0.30	0.00
749	3	556	555	21.70	79.68	0.33	0.00
750	2	552	549	16.42	114.71	0.35	0.00
751	3	555	557	25.10	84.25	0.34	0.00
752	1	553	558	40.91	69.75	0.55	0.00
753	2	558	557	20.64	264.49	0.46	0.00
754	1	558	507	42.74	39.25	0.55	0.00
755	3	557	559	29.61	46.64	0.38	0.00
756	3	559	532	26.71	73.45	0.40	0.00
758	1	546	560	44.84	114.48	0.49	0.00
759	2	560	561	17.65	186.83	0.38	0.00
760	3	561	556	14.97	99.48	0.36	0.00
763	1	562	563	18.66	106.36	0.44	0.00
764	2	563	561	15.70	72.97	0.16	0.00
765	2	563	559	18.66	283.72	0.46	0.00
767	1	564	565	18.66	161.98	0.49	0.00
768	2	565	537	16.63	508.74	0.36	0.00
769	1	565	536	24.00	280.20	0.52	0.00
770	2	564	566	37.72	73.72	0.52	0.00
772	1	568	569	20.14	65.79	0.11	0.00
773	2	569	570	15.02	50.02	0.09	0.00
774	2	569	570	18.92	56.84	0.12	0.00
775	3	570	566	17.02	90.97	0.11	0.00
776	3	566	571	34.96	56.53	0.51	0.00
777	3	571	572	37.47	237.12	0.51	0.00
780	3	571	575	30.17	124.31	0.50	0.00
781	1	568	576	18.52	45.11	0.20	0.00
782	2	576	575	18.44	203.77	0.21	0.00
783	2	576	577	15.30	102.89	0.00	0.00
784	3	577	578	17.96	151.56	0.21	0.00
790	2	579	580	22.26	413.53	0.44	0.00
791	2	581	580	26.71	450.81	0.46	0.00
792	3	580	582	26.71	110.69	0.45	0.00
793	3	582	498	25.10	241.17	0.43	0.00
794	2	583	584	24.60	476.22	0.40	0.00
795	1	583	585	59.60	102.36	0.54	0.00
796	2	585	586	14.90	250.53	0.00	0.00
797	2	547	586	20.30	399.65	0.39	0.00
798	3	586	587	25.93	218.20	0.36	0.00
799	3	587	588	20.10	79.45	0.33	0.00
800	1	585	589	54.85	39.98	0.54	0.00
801	2	589	584	16.63	241.68	0.19	0.00
802	1	589	590	63.82	176.28	0.54	0.00
803	2	590	591	16.61	179.26	0.26	0.00
804	3	584	591	30.06	144.37	0.35	0.00
805	3	591	491	31.58	185.16	0.33	0.00
806	1	590	592	68.63	79.02	0.55	0.00
807	1	592	593	63.78	180.69	0.55	0.00
809	1	593	520	45.98	250.65	0.53	0.00
810	1	592	594	16.61	101.63	0.13	0.00
812	2	594	595	25.39	139.82	0.14	0.00
813	2	594	595	17.93	74.67	0.11	0.00
814	3	595	588	14.81	45.29	0.13	0.00
815	3	588	515	33.43	87.09	0.29	0.00
817	3	582	596	28.16	120.09	0.47	0.00
818	1	581	579	73.41	71.87	0.54	0.00
820	1	597	598	19.52	325.40	0.38	0.00
821	2	598	599	12.14	96.33	0.07	0.00
822	2	598	596	24.85	208.26	0.39	0.00
823	3	596	499	26.37	169.38	0.45	0.00
824	3	599	503	30.10	118.16	0.56	0.00
825	1	597	600	56.56	57.09	0.55	0.00
826	1	600	601	29.38	49.21	0.50	0.00
827	1	601	602	23.22	222.08	0.51	0.00
828	2	602	603	25.53	126.17	0.53	0.00
829	2	602	604	19.42	137.65	0.31	0.00
830	2	601	605	19.90	132.62	0.49	0.00
831	1	600	606	40.61	49.15	0.56	0.00
832	2	606	605	17.02	127.26	0.37	0.00
833	3	605	607	24.08	55.10	0.45	0.00
834	3	607	603	15.71	139.03	0.32	0.00
835	3	607	608	26.37	183.00	0.46	0.00
836	1	606	609	53.45	46.16	0.57	0.00
837	1	609	610	26.37	81.56	0.54	0.00
838	1	609	611	45.20	70.27	0.57	0.00
839	1	611	610	23.20	92.09	0.49	0.00
841	2	612	599	33.23	100.83	0.56	0.00
845	1	612	486	44.92	181.65	0.59	0.00
846	1	610	476	34.30	269.29	0.53	0.00
848	3	613	614	31.27	103.47	0.43	0.00
850	3	613	615	83.44	46.76	0.50	0.00
851	3	615	616	63.44	103.92	0.46	0.00
852	3	603	617	27.96	56.68	0.50	0.00
853	3	617	616	13.33	382.95	0.24	0.00
854	3	614	618	80.13	61.55	0.50	0.00
855	3	618	619	41.47	111.29	0.48	0.00
856	3	616	619	58.68	36.41	0.46	0.00
857	3	618	620	70.19	82.16	0.50	0.00
858	3	620	621	43.49	95.90	0.49	0.00
859	3	619	621	75.58	38.08	0.46	0.00
860	3	621	622	80.56	63.35	0.46	0.00
861	3	617	623	28.43	68.72	0.51	0.00
862	3	623	622	30.43	350.94	0.50	0.00
863	3	620	624	56.78	179.36	0.51	0.00
866	3	624	627	55.12	305.11	0.52	0.00
867	3	624	469	35.68	245.00	0.47	0.00
868	3	622	472	82.24	421.40	0.46	0.00
869	3	608	477	18.36	194.94	0.46	0.00
870	3	608	623	21.30	69.40	0.47	0.00
873	3	628	630	39.66	204.33	0.44	0.00
875	3	630	614	63.53	109.89	0.50	0.00
878	3	634	635	27.96	221.68	0.50	0.00
879	3	636	635	105.19	201.97	0.50	0.00
880	3	635	628	120.83	56.78	0.50	0.00
881	3	637	638	44.13	307.60	0.43	0.00
882	3	638	639	27.41	243.05	0.41	0.00
884	3	639	640	48.15	84.45	0.45	0.00
885	3	604	640	44.15	290.04	0.43	0.00
886	3	640	615	49.33	194.65	0.43	0.00
887	3	641	639	42.01	303.71	0.50	0.00
888	2	642	637	30.10	104.08	0.51	0.00
889	2	642	643	27.28	139.50	0.21	0.00
890	3	643	637	41.32	56.46	0.42	0.00
891	3	638	644	35.41	65.90	0.44	0.00
892	3	644	604	40.26	25.60	0.43	0.00
893	3	645	644	38.79	473.04	0.42	0.00
894	1	646	642	29.11	176.54	0.50	0.00
895	3	645	643	43.71	135.98	0.42	0.00
896	3	647	645	59.71	184.42	0.42	0.00
897	3	648	647	41.30	240.16	0.42	0.00
898	3	649	647	32.40	403.94	0.50	0.00
899	3	650	648	54.94	42.77	0.40	0.00
900	2	651	648	38.40	108.92	0.47	0.00
901	1	651	581	56.82	62.84	0.53	0.00
902	1	579	597	60.29	486.40	0.54	0.00
904	3	652	650	25.84	364.51	0.50	0.00
905	1	653	651	54.43	595.74	0.52	0.00
906	3	654	650	53.31	261.65	0.40	0.00
907	3	655	654	51.48	311.16	0.41	0.00
908	3	655	656	20.64	186.84	0.23	0.00
909	3	656	654	36.62	217.66	0.35	0.00
911	3	659	656	32.04	96.63	0.50	0.00
912	3	660	655	48.97	67.29	0.40	0.00
913	3	661	660	52.88	120.75	0.40	0.00
914	3	662	660	24.29	71.41	0.50	0.00
915	2	653	661	17.06	251.33	0.15	0.00
917	2	664	665	19.33	239.90	0.29	0.00
919	1	664	666	68.62	325.01	0.53	0.00
920	1	666	653	48.54	74.12	0.52	0.00
922	1	666	583	61.30	289.40	0.53	0.00
923	3	668	665	43.41	93.55	0.43	0.00
924	3	665	661	42.94	53.07	0.41	0.00
925	1	669	664	62.83	217.70	0.52	0.00
927	2	669	668	18.52	505.97	0.19	0.00
928	3	670	668	41.86	156.03	0.45	0.00
933	1	673	568	16.78	218.53	0.18	0.00
934	1	674	673	90.02	83.48	0.51	0.00
935	2	674	577	18.36	282.99	0.21	0.00
936	1	675	674	78.74	67.40	0.51	0.00
937	2	675	680	31.75	489.99	0.45	0.00
938	3	680	670	40.94	188.18	0.45	0.00
940	3	678	670	20.30	113.87	0.50	0.00
941	3	679	680	37.68	68.16	0.50	0.00
943	1	682	683	81.62	120.01	0.50	0.00
944	1	683	675	99.96	38.97	0.50	0.00
945	2	683	684	18.36	284.30	0.26	0.00
946	3	684	578	23.37	149.62	0.27	0.00
949	1	685	4	64.81	93.22	0.50	0.00
950	1	560	562	46.24	80.94	0.50	0.00
951	1	562	564	37.83	142.06	0.51	0.00
955	3	449	455	71.84	52.72	0.49	0.00
957	3	466	467	66.78	75.70	0.49	0.00
958	2	522	414	23.37	213.60	0.53	0.00
959	1	521	419	34.04	191.17	0.54	0.00
963	3	375	372	25.26	110.18	0.37	0.00
968	1	611	612	49.11	181.66	0.58	0.00
972	3	455	688	40.10	84.24	0.47	0.00
973	3	454	688	50.95	43.25	0.47	0.00
974	3	688	274	58.97	38.05	0.47	0.00
976	3	578	689	32.78	51.09	0.24	0.00
977	1	690	490	18.00	106.86	0.21	0.00
978	1	690	493	64.80	181.76	0.56	0.00
979	1	593	690	60.39	36.77	0.56	0.00
984	3	628	691	97.18	162.45	0.50	0.00
985	3	691	630	68.42	58.25	0.51	0.00
986	3	691	613	56.75	94.43	0.50	0.00
987	3	370	692	53.33	167.45	0.54	0.00
989	3	575	693	25.10	131.15	0.45	0.00
990	3	627	694	68.63	517.18	0.51	0.00
991	3	475	694	89.27	219.92	0.47	0.00
992	3	694	459	97.65	322.87	0.48	0.00
994	3	346	695	33.75	197.57	0.43	0.00
997	3	545	698	47.17	76.06	0.46	0.00
999	3	542	699	49.90	214.09	0.52	0.00
1000	2	103	700	21.10	167.31	0.49	0.00
1001	2	301	700	14.14	41.77	0.46	0.00
1002	3	700	104	26.76	41.91	0.49	0.00
1005	2	22	701	17.67	83.51	0.05	0.00
1006	3	701	24	30.46	31.79	0.44	0.00
1007	3	702	701	16.31	131.76	0.50	0.00
1009	3	160	703	45.52	165.67	0.54	0.00
1010	3	703	177	36.76	60.22	0.55	0.00
1011	3	703	173	23.91	143.83	0.48	0.00
1012	3	222	704	31.76	51.18	0.39	0.00
1013	3	224	704	29.63	32.59	0.35	0.00
1014	3	704	225	48.19	43.19	0.38	0.00
1016	3	319	705	37.72	81.96	0.52	0.00
1017	3	705	332	23.89	148.51	0.48	0.00
1018	3	705	327	32.68	99.44	0.53	0.00
1019	2	111	129	29.38	110.53	0.56	0.00
1020	3	264	265	66.13	119.93	0.52	0.00
1022	3	272	706	37.64	56.74	0.50	0.00
1023	3	706	270	40.10	60.46	0.48	0.00
1024	3	274	706	25.90	73.39	0.23	0.00
1026	1	673	707	87.86	175.74	0.51	0.00
1027	1	707	546	61.91	220.95	0.50	0.00
1028	1	707	669	68.24	80.73	0.52	0.00
1029	3	461	464	89.23	75.59	0.49	0.00
1030	3	464	463	64.84	43.57	0.50	0.00
1031	3	315	314	25.10	76.19	0.47	0.00
1032	3	708	684	11.69	129.40	0.50	0.00
43
INOD  IPRFL  PR/FL  HEMAT  IPRFL=0 FOR PRESSURE, 1 FOR FLOW B.C.
636	1	93.178260	0.500000
634	1	3.286097	0.500000
641	1	7.418419	0.500000
646	1	3.561971	0.500000
649	1	1.038844	0.500000
652	1	0.346114	0.500000
659	1	1.015887	0.500000
662	1	0.305836	0.500000
678	1	0.213612	0.500000
679	1	3.632978	0.500000
682	1	405.159450	0.500000
708	1	0.070837	0.500000
689	1	-10.370244	0.500000
693	1	-13.944699	0.500000
572	1	-17.824038	0.500000
698	1	-35.198506	0.500000
699	1	-33.617611	0.500000
377	1	-10.312833	0.500000
692	1	-17.892275	0.500000
336	0	0.14000000	0.500000
695	1	-21.739208	0.500000
345	1	-11.622424	0.500000
341	1	-2.516143	0.500000
27	1	-16.157403	0.500000
25	1	12.165656	0.500000
702	1	4.260889	0.500000
685	1	255.456428	0.500000
30	1	-2.528479	0.500000
47	1	-1.168964	0.500000
59	1	-1.267560	0.500000
60	1	-0.496645	0.500000
63	1	-7.950209	0.500000
155	1	-6.895271	0.500000
121	1	-2.403754	0.500000
125	1	-1.569735	0.500000
132	1	-13.101372	0.500000
133	1	-4.238400	0.500000
153	1	-10.236548	0.500000
154	1	-21.718172	0.500000
169	1	9.545120	0.500000
194	1	42.414759	0.500000
205	1	-3.240411	0.500000
204	1	191.352850	0.500000
